# CJ state isentrope
# INITIAL CONDITIONS
# TEMPERATURE (K) 3568.0
# PRESSURE (ATM) 22.9
# DENSITY (KG/M^3) 24.7933
# CJ speed (M/S) 1887.46

# THE OUTPUT DATA COLUMNS ARE:
Variables = "Specific Volume (m3/kg)", "Temperature (K)", "Pressure (Pa)", "sound speed (eq)(m/s)", "fluid speed (m/s)"
4.0334E-02 	 3568.0 	 5.6807E+07 	 1154.6 	 822.6
4.0338E-02 	 3567.9 	 5.6794E+07 	 1154.5 	 822.5
4.0342E-02 	 3567.9 	 5.6781E+07 	 1154.5 	 822.4
4.0346E-02 	 3567.8 	 5.6769E+07 	 1154.5 	 822.3
4.0350E-02 	 3567.7 	 5.6756E+07 	 1154.5 	 822.2
4.0354E-02 	 3567.7 	 5.6743E+07 	 1154.5 	 822.1
4.0358E-02 	 3567.6 	 5.6730E+07 	 1154.4 	 822.0
4.0362E-02 	 3567.5 	 5.6717E+07 	 1154.4 	 821.9
4.0366E-02 	 3567.5 	 5.6705E+07 	 1154.4 	 821.8
4.0370E-02 	 3567.4 	 5.6692E+07 	 1154.4 	 821.7
4.0374E-02 	 3567.3 	 5.6679E+07 	 1154.3 	 821.5
4.0378E-02 	 3567.3 	 5.6666E+07 	 1154.3 	 821.4
4.0382E-02 	 3567.2 	 5.6654E+07 	 1154.3 	 821.3
4.0386E-02 	 3567.1 	 5.6641E+07 	 1154.3 	 821.2
4.0390E-02 	 3567.0 	 5.6628E+07 	 1154.3 	 821.1
4.0394E-02 	 3567.0 	 5.6616E+07 	 1154.2 	 821.0
4.0398E-02 	 3566.9 	 5.6603E+07 	 1154.2 	 820.9
4.0402E-02 	 3566.8 	 5.6590E+07 	 1154.2 	 820.8
4.0406E-02 	 3566.8 	 5.6577E+07 	 1154.2 	 820.7
4.0410E-02 	 3566.7 	 5.6565E+07 	 1154.1 	 820.6
4.0414E-02 	 3566.6 	 5.6552E+07 	 1154.1 	 820.5
4.0418E-02 	 3566.6 	 5.6539E+07 	 1154.1 	 820.4
4.0422E-02 	 3566.5 	 5.6526E+07 	 1154.1 	 820.3
4.0426E-02 	 3566.4 	 5.6514E+07 	 1154.0 	 820.2
4.0430E-02 	 3566.3 	 5.6501E+07 	 1154.0 	 820.1
4.0434E-02 	 3566.3 	 5.6488E+07 	 1154.0 	 820.0
4.0439E-02 	 3566.2 	 5.6476E+07 	 1154.0 	 819.8
4.0443E-02 	 3566.1 	 5.6463E+07 	 1154.0 	 819.7
4.0447E-02 	 3566.1 	 5.6450E+07 	 1153.9 	 819.6
4.0451E-02 	 3566.0 	 5.6438E+07 	 1153.9 	 819.5
4.0455E-02 	 3565.9 	 5.6425E+07 	 1153.9 	 819.4
4.0459E-02 	 3565.9 	 5.6412E+07 	 1153.9 	 819.3
4.0463E-02 	 3565.8 	 5.6399E+07 	 1153.8 	 819.2
4.0467E-02 	 3565.7 	 5.6387E+07 	 1153.8 	 819.1
4.0471E-02 	 3565.7 	 5.6374E+07 	 1153.8 	 819.0
4.0475E-02 	 3565.6 	 5.6361E+07 	 1153.8 	 818.9
4.0479E-02 	 3565.5 	 5.6349E+07 	 1153.8 	 818.8
4.0483E-02 	 3565.4 	 5.6336E+07 	 1153.7 	 818.7
4.0487E-02 	 3565.4 	 5.6323E+07 	 1153.7 	 818.6
4.0491E-02 	 3565.3 	 5.6311E+07 	 1153.7 	 818.5
4.0495E-02 	 3565.2 	 5.6298E+07 	 1153.7 	 818.4
4.0499E-02 	 3565.2 	 5.6285E+07 	 1153.6 	 818.3
4.0503E-02 	 3565.1 	 5.6273E+07 	 1153.6 	 818.1
4.0507E-02 	 3565.0 	 5.6260E+07 	 1153.6 	 818.0
4.0511E-02 	 3565.0 	 5.6247E+07 	 1153.6 	 817.9
4.0515E-02 	 3564.9 	 5.6235E+07 	 1153.5 	 817.8
4.0519E-02 	 3564.8 	 5.6222E+07 	 1153.5 	 817.7
4.0524E-02 	 3564.8 	 5.6209E+07 	 1153.5 	 817.6
4.0528E-02 	 3564.7 	 5.6197E+07 	 1153.5 	 817.5
4.0532E-02 	 3564.6 	 5.6184E+07 	 1153.5 	 817.4
4.0536E-02 	 3564.5 	 5.6172E+07 	 1153.4 	 817.3
4.0540E-02 	 3564.5 	 5.6159E+07 	 1153.4 	 817.2
4.0544E-02 	 3564.4 	 5.6146E+07 	 1153.4 	 817.1
4.0548E-02 	 3564.3 	 5.6134E+07 	 1153.4 	 817.0
4.0552E-02 	 3564.3 	 5.6121E+07 	 1153.3 	 816.9
4.0556E-02 	 3564.2 	 5.6108E+07 	 1153.3 	 816.8
4.0560E-02 	 3564.1 	 5.6096E+07 	 1153.3 	 816.7
4.0564E-02 	 3564.1 	 5.6083E+07 	 1153.3 	 816.6
4.0568E-02 	 3564.0 	 5.6071E+07 	 1153.2 	 816.4
4.0572E-02 	 3563.9 	 5.6058E+07 	 1153.2 	 816.3
4.0576E-02 	 3563.9 	 5.6045E+07 	 1153.2 	 816.2
4.0580E-02 	 3563.8 	 5.6033E+07 	 1153.2 	 816.1
4.0584E-02 	 3563.7 	 5.6020E+07 	 1153.2 	 816.0
4.0588E-02 	 3563.6 	 5.6007E+07 	 1153.1 	 815.9
4.0592E-02 	 3563.6 	 5.5995E+07 	 1153.1 	 815.8
4.0597E-02 	 3563.5 	 5.5982E+07 	 1153.1 	 815.7
4.0601E-02 	 3563.4 	 5.5970E+07 	 1153.1 	 815.6
4.0605E-02 	 3563.4 	 5.5957E+07 	 1153.0 	 815.5
4.0609E-02 	 3563.3 	 5.5945E+07 	 1153.0 	 815.4
4.0613E-02 	 3563.2 	 5.5932E+07 	 1153.0 	 815.3
4.0617E-02 	 3563.2 	 5.5919E+07 	 1153.0 	 815.2
4.0621E-02 	 3563.1 	 5.5907E+07 	 1153.0 	 815.1
4.0625E-02 	 3563.0 	 5.5894E+07 	 1152.9 	 815.0
4.0629E-02 	 3563.0 	 5.5882E+07 	 1152.9 	 814.9
4.0633E-02 	 3562.9 	 5.5869E+07 	 1152.9 	 814.7
4.0637E-02 	 3562.8 	 5.5856E+07 	 1152.9 	 814.6
4.0641E-02 	 3562.7 	 5.5844E+07 	 1152.8 	 814.5
4.0645E-02 	 3562.7 	 5.5831E+07 	 1152.8 	 814.4
4.0649E-02 	 3562.6 	 5.5819E+07 	 1152.8 	 814.3
4.0653E-02 	 3562.5 	 5.5806E+07 	 1152.8 	 814.2
4.0657E-02 	 3562.5 	 5.5794E+07 	 1152.7 	 814.1
4.0662E-02 	 3562.4 	 5.5781E+07 	 1152.7 	 814.0
4.0666E-02 	 3562.3 	 5.5769E+07 	 1152.7 	 813.9
4.0670E-02 	 3562.3 	 5.5756E+07 	 1152.7 	 813.8
4.0674E-02 	 3562.2 	 5.5743E+07 	 1152.7 	 813.7
4.0678E-02 	 3562.1 	 5.5731E+07 	 1152.6 	 813.6
4.0682E-02 	 3562.0 	 5.5718E+07 	 1152.6 	 813.5
4.0686E-02 	 3562.0 	 5.5706E+07 	 1152.6 	 813.4
4.0690E-02 	 3561.9 	 5.5693E+07 	 1152.6 	 813.3
4.0694E-02 	 3561.8 	 5.5681E+07 	 1152.5 	 813.2
4.0698E-02 	 3561.8 	 5.5668E+07 	 1152.5 	 813.0
4.0702E-02 	 3561.7 	 5.5656E+07 	 1152.5 	 812.9
4.0706E-02 	 3561.6 	 5.5643E+07 	 1152.5 	 812.8
4.0710E-02 	 3561.6 	 5.5631E+07 	 1152.5 	 812.7
4.0714E-02 	 3561.5 	 5.5618E+07 	 1152.4 	 812.6
4.0719E-02 	 3561.4 	 5.5606E+07 	 1152.4 	 812.5
4.0723E-02 	 3561.4 	 5.5593E+07 	 1152.4 	 812.4
4.0727E-02 	 3561.3 	 5.5581E+07 	 1152.4 	 812.3
4.0731E-02 	 3561.2 	 5.5568E+07 	 1152.3 	 812.2
4.0735E-02 	 3561.1 	 5.5556E+07 	 1152.3 	 812.1
4.0739E-02 	 3561.1 	 5.5543E+07 	 1152.3 	 812.0
4.0743E-02 	 3561.0 	 5.5531E+07 	 1152.3 	 811.9
4.0747E-02 	 3560.9 	 5.5518E+07 	 1152.2 	 811.8
4.0751E-02 	 3560.9 	 5.5506E+07 	 1152.2 	 811.7
4.0755E-02 	 3560.8 	 5.5493E+07 	 1152.2 	 811.6
4.0759E-02 	 3560.7 	 5.5481E+07 	 1152.2 	 811.5
4.0763E-02 	 3560.7 	 5.5468E+07 	 1152.2 	 811.3
4.0767E-02 	 3560.6 	 5.5456E+07 	 1152.1 	 811.2
4.0771E-02 	 3560.5 	 5.5443E+07 	 1152.1 	 811.1
4.0776E-02 	 3560.5 	 5.5431E+07 	 1152.1 	 811.0
4.0780E-02 	 3560.4 	 5.5418E+07 	 1152.1 	 810.9
4.0784E-02 	 3560.3 	 5.5406E+07 	 1152.0 	 810.8
4.0788E-02 	 3560.2 	 5.5393E+07 	 1152.0 	 810.7
4.0792E-02 	 3560.2 	 5.5381E+07 	 1152.0 	 810.6
4.0796E-02 	 3560.1 	 5.5368E+07 	 1152.0 	 810.5
4.0800E-02 	 3560.0 	 5.5356E+07 	 1152.0 	 810.4
4.0804E-02 	 3560.0 	 5.5343E+07 	 1151.9 	 810.3
4.0808E-02 	 3559.9 	 5.5331E+07 	 1151.9 	 810.2
4.0812E-02 	 3559.8 	 5.5318E+07 	 1151.9 	 810.1
4.0816E-02 	 3559.8 	 5.5306E+07 	 1151.9 	 810.0
4.0820E-02 	 3559.7 	 5.5294E+07 	 1151.8 	 809.9
4.0825E-02 	 3559.6 	 5.5281E+07 	 1151.8 	 809.8
4.0829E-02 	 3559.6 	 5.5269E+07 	 1151.8 	 809.6
4.0833E-02 	 3559.5 	 5.5256E+07 	 1151.8 	 809.5
4.0837E-02 	 3559.4 	 5.5244E+07 	 1151.7 	 809.4
4.0841E-02 	 3559.3 	 5.5231E+07 	 1151.7 	 809.3
4.0845E-02 	 3559.3 	 5.5219E+07 	 1151.7 	 809.2
4.0849E-02 	 3559.2 	 5.5207E+07 	 1151.7 	 809.1
4.0853E-02 	 3559.1 	 5.5194E+07 	 1151.7 	 809.0
4.0857E-02 	 3559.1 	 5.5182E+07 	 1151.6 	 808.9
4.0861E-02 	 3559.0 	 5.5169E+07 	 1151.6 	 808.8
4.0865E-02 	 3558.9 	 5.5157E+07 	 1151.6 	 808.7
4.0869E-02 	 3558.9 	 5.5144E+07 	 1151.6 	 808.6
4.0874E-02 	 3558.8 	 5.5132E+07 	 1151.5 	 808.5
4.0878E-02 	 3558.7 	 5.5120E+07 	 1151.5 	 808.4
4.0882E-02 	 3558.7 	 5.5107E+07 	 1151.5 	 808.3
4.0886E-02 	 3558.6 	 5.5095E+07 	 1151.5 	 808.2
4.0890E-02 	 3558.5 	 5.5082E+07 	 1151.5 	 808.1
4.0894E-02 	 3558.4 	 5.5070E+07 	 1151.4 	 808.0
4.0898E-02 	 3558.4 	 5.5058E+07 	 1151.4 	 807.8
4.0902E-02 	 3558.3 	 5.5045E+07 	 1151.4 	 807.7
4.0906E-02 	 3558.2 	 5.5033E+07 	 1151.4 	 807.6
4.0910E-02 	 3558.2 	 5.5020E+07 	 1151.3 	 807.5
4.0914E-02 	 3558.1 	 5.5008E+07 	 1151.3 	 807.4
4.0919E-02 	 3558.0 	 5.4996E+07 	 1151.3 	 807.3
4.0923E-02 	 3558.0 	 5.4983E+07 	 1151.3 	 807.2
4.0927E-02 	 3557.9 	 5.4971E+07 	 1151.2 	 807.1
4.0931E-02 	 3557.8 	 5.4958E+07 	 1151.2 	 807.0
4.0935E-02 	 3557.8 	 5.4946E+07 	 1151.2 	 806.9
4.0939E-02 	 3557.7 	 5.4934E+07 	 1151.2 	 806.8
4.0943E-02 	 3557.6 	 5.4921E+07 	 1151.2 	 806.7
4.0947E-02 	 3557.5 	 5.4909E+07 	 1151.1 	 806.6
4.0951E-02 	 3557.5 	 5.4897E+07 	 1151.1 	 806.5
4.0955E-02 	 3557.4 	 5.4884E+07 	 1151.1 	 806.4
4.0959E-02 	 3557.3 	 5.4872E+07 	 1151.1 	 806.3
4.0964E-02 	 3557.3 	 5.4860E+07 	 1151.0 	 806.1
4.0968E-02 	 3557.2 	 5.4847E+07 	 1151.0 	 806.0
4.0972E-02 	 3557.1 	 5.4835E+07 	 1151.0 	 805.9
4.0976E-02 	 3557.1 	 5.4823E+07 	 1151.0 	 805.8
4.0980E-02 	 3557.0 	 5.4810E+07 	 1151.0 	 805.7
4.0984E-02 	 3556.9 	 5.4798E+07 	 1150.9 	 805.6
4.0988E-02 	 3556.9 	 5.4785E+07 	 1150.9 	 805.5
4.0992E-02 	 3556.8 	 5.4773E+07 	 1150.9 	 805.4
4.0996E-02 	 3556.7 	 5.4761E+07 	 1150.9 	 805.3
4.1000E-02 	 3556.6 	 5.4748E+07 	 1150.8 	 805.2
4.1005E-02 	 3556.6 	 5.4736E+07 	 1150.8 	 805.1
4.1009E-02 	 3556.5 	 5.4724E+07 	 1150.8 	 805.0
4.1013E-02 	 3556.4 	 5.4712E+07 	 1150.8 	 804.9
4.1017E-02 	 3556.4 	 5.4699E+07 	 1150.7 	 804.8
4.1021E-02 	 3556.3 	 5.4687E+07 	 1150.7 	 804.7
4.1025E-02 	 3556.2 	 5.4675E+07 	 1150.7 	 804.6
4.1029E-02 	 3556.2 	 5.4662E+07 	 1150.7 	 804.4
4.1033E-02 	 3556.1 	 5.4650E+07 	 1150.7 	 804.3
4.1037E-02 	 3556.0 	 5.4638E+07 	 1150.6 	 804.2
4.1041E-02 	 3556.0 	 5.4625E+07 	 1150.6 	 804.1
4.1046E-02 	 3555.9 	 5.4613E+07 	 1150.6 	 804.0
4.1050E-02 	 3555.8 	 5.4601E+07 	 1150.6 	 803.9
4.1054E-02 	 3555.7 	 5.4588E+07 	 1150.5 	 803.8
4.1058E-02 	 3555.7 	 5.4576E+07 	 1150.5 	 803.7
4.1062E-02 	 3555.6 	 5.4564E+07 	 1150.5 	 803.6
4.1066E-02 	 3555.5 	 5.4552E+07 	 1150.5 	 803.5
4.1070E-02 	 3555.5 	 5.4539E+07 	 1150.4 	 803.4
4.1074E-02 	 3555.4 	 5.4527E+07 	 1150.4 	 803.3
4.1078E-02 	 3555.3 	 5.4515E+07 	 1150.4 	 803.2
4.1082E-02 	 3555.3 	 5.4502E+07 	 1150.4 	 803.1
4.1087E-02 	 3555.2 	 5.4490E+07 	 1150.4 	 803.0
4.1091E-02 	 3555.1 	 5.4478E+07 	 1150.3 	 802.9
4.1095E-02 	 3555.1 	 5.4466E+07 	 1150.3 	 802.8
4.1099E-02 	 3555.0 	 5.4453E+07 	 1150.3 	 802.6
4.1103E-02 	 3554.9 	 5.4441E+07 	 1150.3 	 802.5
4.1107E-02 	 3554.8 	 5.4429E+07 	 1150.2 	 802.4
4.1111E-02 	 3554.8 	 5.4417E+07 	 1150.2 	 802.3
4.1115E-02 	 3554.7 	 5.4404E+07 	 1150.2 	 802.2
4.1119E-02 	 3554.6 	 5.4392E+07 	 1150.2 	 802.1
4.1124E-02 	 3554.6 	 5.4380E+07 	 1150.2 	 802.0
4.1128E-02 	 3554.5 	 5.4368E+07 	 1150.1 	 801.9
4.1132E-02 	 3554.4 	 5.4355E+07 	 1150.1 	 801.8
4.1136E-02 	 3554.4 	 5.4343E+07 	 1150.1 	 801.7
4.1140E-02 	 3554.3 	 5.4331E+07 	 1150.1 	 801.6
4.1144E-02 	 3554.2 	 5.4319E+07 	 1150.0 	 801.5
4.1148E-02 	 3554.2 	 5.4306E+07 	 1150.0 	 801.4
4.1152E-02 	 3554.1 	 5.4294E+07 	 1150.0 	 801.3
4.1157E-02 	 3554.0 	 5.4282E+07 	 1150.0 	 801.2
4.1161E-02 	 3553.9 	 5.4270E+07 	 1149.9 	 801.1
4.1165E-02 	 3553.9 	 5.4257E+07 	 1149.9 	 800.9
4.1169E-02 	 3553.8 	 5.4245E+07 	 1149.9 	 800.8
4.1173E-02 	 3553.7 	 5.4233E+07 	 1149.9 	 800.7
4.1177E-02 	 3553.7 	 5.4221E+07 	 1149.9 	 800.6
4.1181E-02 	 3553.6 	 5.4209E+07 	 1149.8 	 800.5
4.1185E-02 	 3553.5 	 5.4196E+07 	 1149.8 	 800.4
4.1189E-02 	 3553.5 	 5.4184E+07 	 1149.8 	 800.3
4.1194E-02 	 3553.4 	 5.4172E+07 	 1149.8 	 800.2
4.1198E-02 	 3553.3 	 5.4160E+07 	 1149.7 	 800.1
4.1202E-02 	 3553.3 	 5.4147E+07 	 1149.7 	 800.0
4.1206E-02 	 3553.2 	 5.4135E+07 	 1149.7 	 799.9
4.1210E-02 	 3553.1 	 5.4123E+07 	 1149.7 	 799.8
4.1214E-02 	 3553.0 	 5.4111E+07 	 1149.7 	 799.7
4.1218E-02 	 3553.0 	 5.4099E+07 	 1149.6 	 799.6
4.1222E-02 	 3552.9 	 5.4087E+07 	 1149.6 	 799.5
4.1227E-02 	 3552.8 	 5.4074E+07 	 1149.6 	 799.4
4.1231E-02 	 3552.8 	 5.4062E+07 	 1149.6 	 799.2
4.1235E-02 	 3552.7 	 5.4050E+07 	 1149.5 	 799.1
4.1239E-02 	 3552.6 	 5.4038E+07 	 1149.5 	 799.0
4.1243E-02 	 3552.6 	 5.4026E+07 	 1149.5 	 798.9
4.1247E-02 	 3552.5 	 5.4013E+07 	 1149.5 	 798.8
4.1251E-02 	 3552.4 	 5.4001E+07 	 1149.4 	 798.7
4.1255E-02 	 3552.4 	 5.3989E+07 	 1149.4 	 798.6
4.1260E-02 	 3552.3 	 5.3977E+07 	 1149.4 	 798.5
4.1264E-02 	 3552.2 	 5.3965E+07 	 1149.4 	 798.4
4.1268E-02 	 3552.1 	 5.3953E+07 	 1149.4 	 798.3
4.1272E-02 	 3552.1 	 5.3940E+07 	 1149.3 	 798.2
4.1276E-02 	 3552.0 	 5.3928E+07 	 1149.3 	 798.1
4.1280E-02 	 3551.9 	 5.3916E+07 	 1149.3 	 798.0
4.1284E-02 	 3551.9 	 5.3904E+07 	 1149.3 	 797.9
4.1288E-02 	 3551.8 	 5.3892E+07 	 1149.2 	 797.8
4.1293E-02 	 3551.7 	 5.3880E+07 	 1149.2 	 797.7
4.1297E-02 	 3551.7 	 5.3868E+07 	 1149.2 	 797.6
4.1301E-02 	 3551.6 	 5.3855E+07 	 1149.2 	 797.4
4.1305E-02 	 3551.5 	 5.3843E+07 	 1149.2 	 797.3
4.1309E-02 	 3551.5 	 5.3831E+07 	 1149.1 	 797.2
4.1313E-02 	 3551.4 	 5.3819E+07 	 1149.1 	 797.1
4.1317E-02 	 3551.3 	 5.3807E+07 	 1149.1 	 797.0
4.1321E-02 	 3551.2 	 5.3795E+07 	 1149.1 	 796.9
4.1326E-02 	 3551.2 	 5.3783E+07 	 1149.0 	 796.8
4.1330E-02 	 3551.1 	 5.3771E+07 	 1149.0 	 796.7
4.1334E-02 	 3551.0 	 5.3758E+07 	 1149.0 	 796.6
4.1338E-02 	 3551.0 	 5.3746E+07 	 1149.0 	 796.5
4.1342E-02 	 3550.9 	 5.3734E+07 	 1148.9 	 796.4
4.1346E-02 	 3550.8 	 5.3722E+07 	 1148.9 	 796.3
4.1350E-02 	 3550.8 	 5.3710E+07 	 1148.9 	 796.2
4.1355E-02 	 3550.7 	 5.3698E+07 	 1148.9 	 796.1
4.1359E-02 	 3550.6 	 5.3686E+07 	 1148.9 	 796.0
4.1363E-02 	 3550.6 	 5.3674E+07 	 1148.8 	 795.9
4.1367E-02 	 3550.5 	 5.3662E+07 	 1148.8 	 795.8
4.1371E-02 	 3550.4 	 5.3649E+07 	 1148.8 	 795.6
4.1375E-02 	 3550.3 	 5.3637E+07 	 1148.8 	 795.5
4.1379E-02 	 3550.3 	 5.3625E+07 	 1148.7 	 795.4
4.1383E-02 	 3550.2 	 5.3613E+07 	 1148.7 	 795.3
4.1388E-02 	 3550.1 	 5.3601E+07 	 1148.7 	 795.2
4.1392E-02 	 3550.1 	 5.3589E+07 	 1148.7 	 795.1
4.1396E-02 	 3550.0 	 5.3577E+07 	 1148.7 	 795.0
4.1400E-02 	 3549.9 	 5.3565E+07 	 1148.6 	 794.9
4.1404E-02 	 3549.9 	 5.3553E+07 	 1148.6 	 794.8
4.1408E-02 	 3549.8 	 5.3541E+07 	 1148.6 	 794.7
4.1412E-02 	 3549.7 	 5.3529E+07 	 1148.6 	 794.6
4.1417E-02 	 3549.7 	 5.3517E+07 	 1148.5 	 794.5
4.1421E-02 	 3549.6 	 5.3505E+07 	 1148.5 	 794.4
4.1425E-02 	 3549.5 	 5.3492E+07 	 1148.5 	 794.3
4.1429E-02 	 3549.4 	 5.3480E+07 	 1148.5 	 794.2
4.1433E-02 	 3549.4 	 5.3468E+07 	 1148.5 	 794.1
4.1437E-02 	 3549.3 	 5.3456E+07 	 1148.4 	 793.9
4.1441E-02 	 3549.2 	 5.3444E+07 	 1148.4 	 793.8
4.1446E-02 	 3549.2 	 5.3432E+07 	 1148.4 	 793.7
4.1450E-02 	 3549.1 	 5.3420E+07 	 1148.4 	 793.6
4.1454E-02 	 3549.0 	 5.3408E+07 	 1148.3 	 793.5
4.1458E-02 	 3549.0 	 5.3396E+07 	 1148.3 	 793.4
4.1462E-02 	 3548.9 	 5.3384E+07 	 1148.3 	 793.3
4.1466E-02 	 3548.8 	 5.3372E+07 	 1148.3 	 793.2
4.1470E-02 	 3548.8 	 5.3360E+07 	 1148.2 	 793.1
4.1475E-02 	 3548.7 	 5.3348E+07 	 1148.2 	 793.0
4.1479E-02 	 3548.6 	 5.3336E+07 	 1148.2 	 792.9
4.1483E-02 	 3548.5 	 5.3324E+07 	 1148.2 	 792.8
4.1487E-02 	 3548.5 	 5.3312E+07 	 1148.2 	 792.7
4.1491E-02 	 3548.4 	 5.3300E+07 	 1148.1 	 792.6
4.1495E-02 	 3548.3 	 5.3288E+07 	 1148.1 	 792.5
4.1500E-02 	 3548.3 	 5.3276E+07 	 1148.1 	 792.4
4.1504E-02 	 3548.2 	 5.3264E+07 	 1148.1 	 792.3
4.1508E-02 	 3548.1 	 5.3252E+07 	 1148.0 	 792.1
4.1512E-02 	 3548.1 	 5.3240E+07 	 1148.0 	 792.0
4.1516E-02 	 3548.0 	 5.3228E+07 	 1148.0 	 791.9
4.1520E-02 	 3547.9 	 5.3216E+07 	 1148.0 	 791.8
4.1524E-02 	 3547.9 	 5.3204E+07 	 1148.0 	 791.7
4.1529E-02 	 3547.8 	 5.3192E+07 	 1147.9 	 791.6
4.1533E-02 	 3547.7 	 5.3180E+07 	 1147.9 	 791.5
4.1537E-02 	 3547.6 	 5.3168E+07 	 1147.9 	 791.4
4.1541E-02 	 3547.6 	 5.3156E+07 	 1147.9 	 791.3
4.1545E-02 	 3547.5 	 5.3144E+07 	 1147.8 	 791.2
4.1549E-02 	 3547.4 	 5.3132E+07 	 1147.8 	 791.1
4.1553E-02 	 3547.4 	 5.3120E+07 	 1147.8 	 791.0
4.1558E-02 	 3547.3 	 5.3108E+07 	 1147.8 	 790.9
4.1562E-02 	 3547.2 	 5.3096E+07 	 1147.7 	 790.8
4.1566E-02 	 3547.2 	 5.3084E+07 	 1147.7 	 790.7
4.1570E-02 	 3547.1 	 5.3072E+07 	 1147.7 	 790.6
4.1574E-02 	 3547.0 	 5.3060E+07 	 1147.7 	 790.5
4.1578E-02 	 3547.0 	 5.3048E+07 	 1147.7 	 790.3
4.1583E-02 	 3546.9 	 5.3036E+07 	 1147.6 	 790.2
4.1587E-02 	 3546.8 	 5.3024E+07 	 1147.6 	 790.1
4.1591E-02 	 3546.7 	 5.3012E+07 	 1147.6 	 790.0
4.1595E-02 	 3546.7 	 5.3000E+07 	 1147.6 	 789.9
4.1599E-02 	 3546.6 	 5.2988E+07 	 1147.5 	 789.8
4.1603E-02 	 3546.5 	 5.2976E+07 	 1147.5 	 789.7
4.1608E-02 	 3546.5 	 5.2964E+07 	 1147.5 	 789.6
4.1612E-02 	 3546.4 	 5.2952E+07 	 1147.5 	 789.5
4.1616E-02 	 3546.3 	 5.2940E+07 	 1147.5 	 789.4
4.1620E-02 	 3546.3 	 5.2929E+07 	 1147.4 	 789.3
4.1624E-02 	 3546.2 	 5.2917E+07 	 1147.4 	 789.2
4.1628E-02 	 3546.1 	 5.2905E+07 	 1147.4 	 789.1
4.1633E-02 	 3546.1 	 5.2893E+07 	 1147.4 	 789.0
4.1637E-02 	 3546.0 	 5.2881E+07 	 1147.3 	 788.9
4.1641E-02 	 3545.9 	 5.2869E+07 	 1147.3 	 788.8
4.1645E-02 	 3545.8 	 5.2857E+07 	 1147.3 	 788.6
4.1649E-02 	 3545.8 	 5.2845E+07 	 1147.3 	 788.5
4.1653E-02 	 3545.7 	 5.2833E+07 	 1147.2 	 788.4
4.1658E-02 	 3545.6 	 5.2821E+07 	 1147.2 	 788.3
4.1662E-02 	 3545.6 	 5.2809E+07 	 1147.2 	 788.2
4.1666E-02 	 3545.5 	 5.2797E+07 	 1147.2 	 788.1
4.1670E-02 	 3545.4 	 5.2785E+07 	 1147.2 	 788.0
4.1674E-02 	 3545.4 	 5.2774E+07 	 1147.1 	 787.9
4.1678E-02 	 3545.3 	 5.2762E+07 	 1147.1 	 787.8
4.1683E-02 	 3545.2 	 5.2750E+07 	 1147.1 	 787.7
4.1687E-02 	 3545.2 	 5.2738E+07 	 1147.1 	 787.6
4.1691E-02 	 3545.1 	 5.2726E+07 	 1147.0 	 787.5
4.1695E-02 	 3545.0 	 5.2714E+07 	 1147.0 	 787.4
4.1699E-02 	 3544.9 	 5.2702E+07 	 1147.0 	 787.3
4.1703E-02 	 3544.9 	 5.2690E+07 	 1147.0 	 787.2
4.1708E-02 	 3544.8 	 5.2678E+07 	 1147.0 	 787.1
4.1712E-02 	 3544.7 	 5.2667E+07 	 1146.9 	 787.0
4.1716E-02 	 3544.7 	 5.2655E+07 	 1146.9 	 786.8
4.1720E-02 	 3544.6 	 5.2643E+07 	 1146.9 	 786.7
4.1724E-02 	 3544.5 	 5.2631E+07 	 1146.9 	 786.6
4.1728E-02 	 3544.5 	 5.2619E+07 	 1146.8 	 786.5
4.1733E-02 	 3544.4 	 5.2607E+07 	 1146.8 	 786.4
4.1737E-02 	 3544.3 	 5.2595E+07 	 1146.8 	 786.3
4.1741E-02 	 3544.3 	 5.2583E+07 	 1146.8 	 786.2
4.1745E-02 	 3544.2 	 5.2572E+07 	 1146.7 	 786.1
4.1749E-02 	 3544.1 	 5.2560E+07 	 1146.7 	 786.0
4.1753E-02 	 3544.0 	 5.2548E+07 	 1146.7 	 785.9
4.1758E-02 	 3544.0 	 5.2536E+07 	 1146.7 	 785.8
4.1762E-02 	 3543.9 	 5.2524E+07 	 1146.7 	 785.7
4.1766E-02 	 3543.8 	 5.2512E+07 	 1146.6 	 785.6
4.1770E-02 	 3543.8 	 5.2500E+07 	 1146.6 	 785.5
4.1774E-02 	 3543.7 	 5.2489E+07 	 1146.6 	 785.4
4.1778E-02 	 3543.6 	 5.2477E+07 	 1146.6 	 785.3
4.1783E-02 	 3543.6 	 5.2465E+07 	 1146.5 	 785.2
4.1787E-02 	 3543.5 	 5.2453E+07 	 1146.5 	 785.0
4.1791E-02 	 3543.4 	 5.2441E+07 	 1146.5 	 784.9
4.1795E-02 	 3543.4 	 5.2429E+07 	 1146.5 	 784.8
4.1799E-02 	 3543.3 	 5.2418E+07 	 1146.5 	 784.7
4.1804E-02 	 3543.2 	 5.2406E+07 	 1146.4 	 784.6
4.1808E-02 	 3543.1 	 5.2394E+07 	 1146.4 	 784.5
4.1812E-02 	 3543.1 	 5.2382E+07 	 1146.4 	 784.4
4.1816E-02 	 3543.0 	 5.2370E+07 	 1146.4 	 784.3
4.1820E-02 	 3542.9 	 5.2358E+07 	 1146.3 	 784.2
4.1824E-02 	 3542.9 	 5.2347E+07 	 1146.3 	 784.1
4.1829E-02 	 3542.8 	 5.2335E+07 	 1146.3 	 784.0
4.1833E-02 	 3542.7 	 5.2323E+07 	 1146.3 	 783.9
4.1837E-02 	 3542.7 	 5.2311E+07 	 1146.2 	 783.8
4.1841E-02 	 3542.6 	 5.2299E+07 	 1146.2 	 783.7
4.1845E-02 	 3542.5 	 5.2288E+07 	 1146.2 	 783.6
4.1850E-02 	 3542.5 	 5.2276E+07 	 1146.2 	 783.5
4.1854E-02 	 3542.4 	 5.2264E+07 	 1146.2 	 783.4
4.1858E-02 	 3542.3 	 5.2252E+07 	 1146.1 	 783.2
4.1862E-02 	 3542.2 	 5.2240E+07 	 1146.1 	 783.1
4.1866E-02 	 3542.2 	 5.2229E+07 	 1146.1 	 783.0
4.1870E-02 	 3542.1 	 5.2217E+07 	 1146.1 	 782.9
4.1875E-02 	 3542.0 	 5.2205E+07 	 1146.0 	 782.8
4.1879E-02 	 3542.0 	 5.2193E+07 	 1146.0 	 782.7
4.1883E-02 	 3541.9 	 5.2182E+07 	 1146.0 	 782.6
4.1887E-02 	 3541.8 	 5.2170E+07 	 1146.0 	 782.5
4.1891E-02 	 3541.8 	 5.2158E+07 	 1146.0 	 782.4
4.1896E-02 	 3541.7 	 5.2146E+07 	 1145.9 	 782.3
4.1900E-02 	 3541.6 	 5.2134E+07 	 1145.9 	 782.2
4.1904E-02 	 3541.6 	 5.2123E+07 	 1145.9 	 782.1
4.1908E-02 	 3541.5 	 5.2111E+07 	 1145.9 	 782.0
4.1912E-02 	 3541.4 	 5.2099E+07 	 1145.8 	 781.9
4.1917E-02 	 3541.3 	 5.2087E+07 	 1145.8 	 781.8
4.1921E-02 	 3541.3 	 5.2076E+07 	 1145.8 	 781.7
4.1925E-02 	 3541.2 	 5.2064E+07 	 1145.8 	 781.6
4.1929E-02 	 3541.1 	 5.2052E+07 	 1145.7 	 781.4
4.1933E-02 	 3541.1 	 5.2040E+07 	 1145.7 	 781.3
4.1938E-02 	 3541.0 	 5.2029E+07 	 1145.7 	 781.2
4.1942E-02 	 3540.9 	 5.2017E+07 	 1145.7 	 781.1
4.1946E-02 	 3540.9 	 5.2005E+07 	 1145.7 	 781.0
4.1950E-02 	 3540.8 	 5.1993E+07 	 1145.6 	 780.9
4.1954E-02 	 3540.7 	 5.1982E+07 	 1145.6 	 780.8
4.1959E-02 	 3540.7 	 5.1970E+07 	 1145.6 	 780.7
4.1963E-02 	 3540.6 	 5.1958E+07 	 1145.6 	 780.6
4.1967E-02 	 3540.5 	 5.1947E+07 	 1145.5 	 780.5
4.1971E-02 	 3540.5 	 5.1935E+07 	 1145.5 	 780.4
4.1975E-02 	 3540.4 	 5.1923E+07 	 1145.5 	 780.3
4.1979E-02 	 3540.3 	 5.1911E+07 	 1145.5 	 780.2
4.1984E-02 	 3540.2 	 5.1900E+07 	 1145.5 	 780.1
4.1988E-02 	 3540.2 	 5.1888E+07 	 1145.4 	 780.0
4.1992E-02 	 3540.1 	 5.1876E+07 	 1145.4 	 779.9
4.1996E-02 	 3540.0 	 5.1864E+07 	 1145.4 	 779.8
4.2000E-02 	 3540.0 	 5.1853E+07 	 1145.4 	 779.6
4.2005E-02 	 3539.9 	 5.1841E+07 	 1145.3 	 779.5
4.2009E-02 	 3539.8 	 5.1829E+07 	 1145.3 	 779.4
4.2013E-02 	 3539.8 	 5.1818E+07 	 1145.3 	 779.3
4.2017E-02 	 3539.7 	 5.1806E+07 	 1145.3 	 779.2
4.2021E-02 	 3539.6 	 5.1794E+07 	 1145.3 	 779.1
4.2026E-02 	 3539.6 	 5.1783E+07 	 1145.2 	 779.0
4.2030E-02 	 3539.5 	 5.1771E+07 	 1145.2 	 778.9
4.2034E-02 	 3539.4 	 5.1759E+07 	 1145.2 	 778.8
4.2038E-02 	 3539.3 	 5.1748E+07 	 1145.2 	 778.7
4.2042E-02 	 3539.3 	 5.1736E+07 	 1145.1 	 778.6
4.2047E-02 	 3539.2 	 5.1724E+07 	 1145.1 	 778.5
4.2051E-02 	 3539.1 	 5.1713E+07 	 1145.1 	 778.4
4.2055E-02 	 3539.1 	 5.1701E+07 	 1145.1 	 778.3
4.2059E-02 	 3539.0 	 5.1689E+07 	 1145.0 	 778.2
4.2064E-02 	 3538.9 	 5.1677E+07 	 1145.0 	 778.1
4.2068E-02 	 3538.9 	 5.1666E+07 	 1145.0 	 778.0
4.2072E-02 	 3538.8 	 5.1654E+07 	 1145.0 	 777.8
4.2076E-02 	 3538.7 	 5.1642E+07 	 1145.0 	 777.7
4.2080E-02 	 3538.7 	 5.1631E+07 	 1144.9 	 777.6
4.2085E-02 	 3538.6 	 5.1619E+07 	 1144.9 	 777.5
4.2089E-02 	 3538.5 	 5.1608E+07 	 1144.9 	 777.4
4.2093E-02 	 3538.4 	 5.1596E+07 	 1144.9 	 777.3
4.2097E-02 	 3538.4 	 5.1584E+07 	 1144.8 	 777.2
4.2101E-02 	 3538.3 	 5.1573E+07 	 1144.8 	 777.1
4.2106E-02 	 3538.2 	 5.1561E+07 	 1144.8 	 777.0
4.2110E-02 	 3538.2 	 5.1549E+07 	 1144.8 	 776.9
4.2114E-02 	 3538.1 	 5.1538E+07 	 1144.8 	 776.8
4.2118E-02 	 3538.0 	 5.1526E+07 	 1144.7 	 776.7
4.2122E-02 	 3538.0 	 5.1514E+07 	 1144.7 	 776.6
4.2127E-02 	 3537.9 	 5.1503E+07 	 1144.7 	 776.5
4.2131E-02 	 3537.8 	 5.1491E+07 	 1144.7 	 776.4
4.2135E-02 	 3537.8 	 5.1480E+07 	 1144.6 	 776.3
4.2139E-02 	 3537.7 	 5.1468E+07 	 1144.6 	 776.2
4.2144E-02 	 3537.6 	 5.1456E+07 	 1144.6 	 776.0
4.2148E-02 	 3537.5 	 5.1445E+07 	 1144.6 	 775.9
4.2152E-02 	 3537.5 	 5.1433E+07 	 1144.5 	 775.8
4.2156E-02 	 3537.4 	 5.1421E+07 	 1144.5 	 775.7
4.2160E-02 	 3537.3 	 5.1410E+07 	 1144.5 	 775.6
4.2165E-02 	 3537.3 	 5.1398E+07 	 1144.5 	 775.5
4.2169E-02 	 3537.2 	 5.1387E+07 	 1144.5 	 775.4
4.2173E-02 	 3537.1 	 5.1375E+07 	 1144.4 	 775.3
4.2177E-02 	 3537.1 	 5.1363E+07 	 1144.4 	 775.2
4.2181E-02 	 3537.0 	 5.1352E+07 	 1144.4 	 775.1
4.2186E-02 	 3536.9 	 5.1340E+07 	 1144.4 	 775.0
4.2190E-02 	 3536.9 	 5.1329E+07 	 1144.3 	 774.9
4.2194E-02 	 3536.8 	 5.1317E+07 	 1144.3 	 774.8
4.2198E-02 	 3536.7 	 5.1305E+07 	 1144.3 	 774.7
4.2203E-02 	 3536.6 	 5.1294E+07 	 1144.3 	 774.6
4.2207E-02 	 3536.6 	 5.1282E+07 	 1144.3 	 774.5
4.2211E-02 	 3536.5 	 5.1271E+07 	 1144.2 	 774.4
4.2215E-02 	 3536.4 	 5.1259E+07 	 1144.2 	 774.2
4.2219E-02 	 3536.4 	 5.1248E+07 	 1144.2 	 774.1
4.2224E-02 	 3536.3 	 5.1236E+07 	 1144.2 	 774.0
4.2228E-02 	 3536.2 	 5.1224E+07 	 1144.1 	 773.9
4.2232E-02 	 3536.2 	 5.1213E+07 	 1144.1 	 773.8
4.2236E-02 	 3536.1 	 5.1201E+07 	 1144.1 	 773.7
4.2241E-02 	 3536.0 	 5.1190E+07 	 1144.1 	 773.6
4.2245E-02 	 3536.0 	 5.1178E+07 	 1144.1 	 773.5
4.2249E-02 	 3535.9 	 5.1167E+07 	 1144.0 	 773.4
4.2253E-02 	 3535.8 	 5.1155E+07 	 1144.0 	 773.3
4.2257E-02 	 3535.8 	 5.1143E+07 	 1144.0 	 773.2
4.2262E-02 	 3535.7 	 5.1132E+07 	 1144.0 	 773.1
4.2266E-02 	 3535.6 	 5.1120E+07 	 1143.9 	 773.0
4.2270E-02 	 3535.5 	 5.1109E+07 	 1143.9 	 772.9
4.2274E-02 	 3535.5 	 5.1097E+07 	 1143.9 	 772.8
4.2279E-02 	 3535.4 	 5.1086E+07 	 1143.9 	 772.7
4.2283E-02 	 3535.3 	 5.1074E+07 	 1143.8 	 772.6
4.2287E-02 	 3535.3 	 5.1063E+07 	 1143.8 	 772.5
4.2291E-02 	 3535.2 	 5.1051E+07 	 1143.8 	 772.3
4.2295E-02 	 3535.1 	 5.1040E+07 	 1143.8 	 772.2
4.2300E-02 	 3535.1 	 5.1028E+07 	 1143.8 	 772.1
4.2304E-02 	 3535.0 	 5.1017E+07 	 1143.7 	 772.0
4.2308E-02 	 3534.9 	 5.1005E+07 	 1143.7 	 771.9
4.2312E-02 	 3534.9 	 5.0993E+07 	 1143.7 	 771.8
4.2317E-02 	 3534.8 	 5.0982E+07 	 1143.7 	 771.7
4.2321E-02 	 3534.7 	 5.0970E+07 	 1143.6 	 771.6
4.2325E-02 	 3534.6 	 5.0959E+07 	 1143.6 	 771.5
4.2329E-02 	 3534.6 	 5.0947E+07 	 1143.6 	 771.4
4.2334E-02 	 3534.5 	 5.0936E+07 	 1143.6 	 771.3
4.2338E-02 	 3534.4 	 5.0924E+07 	 1143.6 	 771.2
4.2342E-02 	 3534.4 	 5.0913E+07 	 1143.5 	 771.1
4.2346E-02 	 3534.3 	 5.0901E+07 	 1143.5 	 771.0
4.2351E-02 	 3534.2 	 5.0890E+07 	 1143.5 	 770.9
4.2355E-02 	 3534.2 	 5.0878E+07 	 1143.5 	 770.8
4.2359E-02 	 3534.1 	 5.0867E+07 	 1143.4 	 770.7
4.2363E-02 	 3534.0 	 5.0855E+07 	 1143.4 	 770.5
4.2367E-02 	 3534.0 	 5.0844E+07 	 1143.4 	 770.4
4.2372E-02 	 3533.9 	 5.0832E+07 	 1143.4 	 770.3
4.2376E-02 	 3533.8 	 5.0821E+07 	 1143.3 	 770.2
4.2380E-02 	 3533.7 	 5.0809E+07 	 1143.3 	 770.1
4.2384E-02 	 3533.7 	 5.0798E+07 	 1143.3 	 770.0
4.2389E-02 	 3533.6 	 5.0787E+07 	 1143.3 	 769.9
4.2393E-02 	 3533.5 	 5.0775E+07 	 1143.3 	 769.8
4.2397E-02 	 3533.5 	 5.0764E+07 	 1143.2 	 769.7
4.2401E-02 	 3533.4 	 5.0752E+07 	 1143.2 	 769.6
4.2406E-02 	 3533.3 	 5.0741E+07 	 1143.2 	 769.5
4.2410E-02 	 3533.3 	 5.0729E+07 	 1143.2 	 769.4
4.2414E-02 	 3533.2 	 5.0718E+07 	 1143.1 	 769.3
4.2418E-02 	 3533.1 	 5.0706E+07 	 1143.1 	 769.2
4.2423E-02 	 3533.1 	 5.0695E+07 	 1143.1 	 769.1
4.2427E-02 	 3533.0 	 5.0683E+07 	 1143.1 	 769.0
4.2431E-02 	 3532.9 	 5.0672E+07 	 1143.1 	 768.9
4.2435E-02 	 3532.8 	 5.0660E+07 	 1143.0 	 768.8
4.2440E-02 	 3532.8 	 5.0649E+07 	 1143.0 	 768.6
4.2444E-02 	 3532.7 	 5.0638E+07 	 1143.0 	 768.5
4.2448E-02 	 3532.6 	 5.0626E+07 	 1143.0 	 768.4
4.2452E-02 	 3532.6 	 5.0615E+07 	 1142.9 	 768.3
4.2457E-02 	 3532.5 	 5.0603E+07 	 1142.9 	 768.2
4.2461E-02 	 3532.4 	 5.0592E+07 	 1142.9 	 768.1
4.2465E-02 	 3532.4 	 5.0580E+07 	 1142.9 	 768.0
4.2469E-02 	 3532.3 	 5.0569E+07 	 1142.9 	 767.9
4.2474E-02 	 3532.2 	 5.0558E+07 	 1142.8 	 767.8
4.2478E-02 	 3532.2 	 5.0546E+07 	 1142.8 	 767.7
4.2482E-02 	 3532.1 	 5.0535E+07 	 1142.8 	 767.6
4.2486E-02 	 3532.0 	 5.0523E+07 	 1142.8 	 767.5
4.2490E-02 	 3532.0 	 5.0512E+07 	 1142.7 	 767.4
4.2495E-02 	 3531.9 	 5.0500E+07 	 1142.7 	 767.3
4.2499E-02 	 3531.8 	 5.0489E+07 	 1142.7 	 767.2
4.2503E-02 	 3531.7 	 5.0478E+07 	 1142.7 	 767.1
4.2507E-02 	 3531.7 	 5.0466E+07 	 1142.6 	 767.0
4.2512E-02 	 3531.6 	 5.0455E+07 	 1142.6 	 766.8
4.2516E-02 	 3531.5 	 5.0443E+07 	 1142.6 	 766.7
4.2520E-02 	 3531.5 	 5.0432E+07 	 1142.6 	 766.6
4.2525E-02 	 3531.4 	 5.0421E+07 	 1142.6 	 766.5
4.2529E-02 	 3531.3 	 5.0409E+07 	 1142.5 	 766.4
4.2533E-02 	 3531.3 	 5.0398E+07 	 1142.5 	 766.3
4.2537E-02 	 3531.2 	 5.0386E+07 	 1142.5 	 766.2
4.2542E-02 	 3531.1 	 5.0375E+07 	 1142.5 	 766.1
4.2546E-02 	 3531.1 	 5.0364E+07 	 1142.4 	 766.0
4.2550E-02 	 3531.0 	 5.0352E+07 	 1142.4 	 765.9
4.2554E-02 	 3530.9 	 5.0341E+07 	 1142.4 	 765.8
4.2559E-02 	 3530.8 	 5.0329E+07 	 1142.4 	 765.7
4.2563E-02 	 3530.8 	 5.0318E+07 	 1142.4 	 765.6
4.2567E-02 	 3530.7 	 5.0307E+07 	 1142.3 	 765.5
4.2571E-02 	 3530.6 	 5.0295E+07 	 1142.3 	 765.4
4.2576E-02 	 3530.6 	 5.0284E+07 	 1142.3 	 765.3
4.2580E-02 	 3530.5 	 5.0273E+07 	 1142.3 	 765.2
4.2584E-02 	 3530.4 	 5.0261E+07 	 1142.2 	 765.0
4.2588E-02 	 3530.4 	 5.0250E+07 	 1142.2 	 764.9
4.2593E-02 	 3530.3 	 5.0239E+07 	 1142.2 	 764.8
4.2597E-02 	 3530.2 	 5.0227E+07 	 1142.2 	 764.7
4.2601E-02 	 3530.2 	 5.0216E+07 	 1142.1 	 764.6
4.2605E-02 	 3530.1 	 5.0204E+07 	 1142.1 	 764.5
4.2610E-02 	 3530.0 	 5.0193E+07 	 1142.1 	 764.4
4.2614E-02 	 3529.9 	 5.0182E+07 	 1142.1 	 764.3
4.2618E-02 	 3529.9 	 5.0170E+07 	 1142.1 	 764.2
4.2622E-02 	 3529.8 	 5.0159E+07 	 1142.0 	 764.1
4.2627E-02 	 3529.7 	 5.0148E+07 	 1142.0 	 764.0
4.2631E-02 	 3529.7 	 5.0136E+07 	 1142.0 	 763.9
4.2635E-02 	 3529.6 	 5.0125E+07 	 1142.0 	 763.8
4.2639E-02 	 3529.5 	 5.0114E+07 	 1141.9 	 763.7
4.2644E-02 	 3529.5 	 5.0102E+07 	 1141.9 	 763.6
4.2648E-02 	 3529.4 	 5.0091E+07 	 1141.9 	 763.5
4.2652E-02 	 3529.3 	 5.0080E+07 	 1141.9 	 763.4
4.2657E-02 	 3529.3 	 5.0068E+07 	 1141.9 	 763.3
4.2661E-02 	 3529.2 	 5.0057E+07 	 1141.8 	 763.1
4.2665E-02 	 3529.1 	 5.0046E+07 	 1141.8 	 763.0
4.2669E-02 	 3529.1 	 5.0035E+07 	 1141.8 	 762.9
4.2674E-02 	 3529.0 	 5.0023E+07 	 1141.8 	 762.8
4.2678E-02 	 3528.9 	 5.0012E+07 	 1141.7 	 762.7
4.2682E-02 	 3528.8 	 5.0001E+07 	 1141.7 	 762.6
4.2686E-02 	 3528.8 	 4.9989E+07 	 1141.7 	 762.5
4.2691E-02 	 3528.7 	 4.9978E+07 	 1141.7 	 762.4
4.2695E-02 	 3528.6 	 4.9967E+07 	 1141.7 	 762.3
4.2699E-02 	 3528.6 	 4.9955E+07 	 1141.6 	 762.2
4.2703E-02 	 3528.5 	 4.9944E+07 	 1141.6 	 762.1
4.2708E-02 	 3528.4 	 4.9933E+07 	 1141.6 	 762.0
4.2712E-02 	 3528.4 	 4.9922E+07 	 1141.6 	 761.9
4.2716E-02 	 3528.3 	 4.9910E+07 	 1141.5 	 761.8
4.2721E-02 	 3528.2 	 4.9899E+07 	 1141.5 	 761.7
4.2725E-02 	 3528.2 	 4.9888E+07 	 1141.5 	 761.6
4.2729E-02 	 3528.1 	 4.9876E+07 	 1141.5 	 761.5
4.2733E-02 	 3528.0 	 4.9865E+07 	 1141.4 	 761.4
4.2738E-02 	 3527.9 	 4.9854E+07 	 1141.4 	 761.2
4.2742E-02 	 3527.9 	 4.9843E+07 	 1141.4 	 761.1
4.2746E-02 	 3527.8 	 4.9831E+07 	 1141.4 	 761.0
4.2750E-02 	 3527.7 	 4.9820E+07 	 1141.4 	 760.9
4.2755E-02 	 3527.7 	 4.9809E+07 	 1141.3 	 760.8
4.2759E-02 	 3527.6 	 4.9798E+07 	 1141.3 	 760.7
4.2763E-02 	 3527.5 	 4.9786E+07 	 1141.3 	 760.6
4.2768E-02 	 3527.5 	 4.9775E+07 	 1141.3 	 760.5
4.2772E-02 	 3527.4 	 4.9764E+07 	 1141.2 	 760.4
4.2776E-02 	 3527.3 	 4.9752E+07 	 1141.2 	 760.3
4.2780E-02 	 3527.3 	 4.9741E+07 	 1141.2 	 760.2
4.2785E-02 	 3527.2 	 4.9730E+07 	 1141.2 	 760.1
4.2789E-02 	 3527.1 	 4.9719E+07 	 1141.2 	 760.0
4.2793E-02 	 3527.1 	 4.9707E+07 	 1141.1 	 759.9
4.2798E-02 	 3527.0 	 4.9696E+07 	 1141.1 	 759.8
4.2802E-02 	 3526.9 	 4.9685E+07 	 1141.1 	 759.7
4.2806E-02 	 3526.8 	 4.9674E+07 	 1141.1 	 759.6
4.2810E-02 	 3526.8 	 4.9663E+07 	 1141.0 	 759.4
4.2815E-02 	 3526.7 	 4.9651E+07 	 1141.0 	 759.3
4.2819E-02 	 3526.6 	 4.9640E+07 	 1141.0 	 759.2
4.2823E-02 	 3526.6 	 4.9629E+07 	 1141.0 	 759.1
4.2827E-02 	 3526.5 	 4.9618E+07 	 1141.0 	 759.0
4.2832E-02 	 3526.4 	 4.9606E+07 	 1140.9 	 758.9
4.2836E-02 	 3526.4 	 4.9595E+07 	 1140.9 	 758.8
4.2840E-02 	 3526.3 	 4.9584E+07 	 1140.9 	 758.7
4.2845E-02 	 3526.2 	 4.9573E+07 	 1140.9 	 758.6
4.2849E-02 	 3526.2 	 4.9562E+07 	 1140.8 	 758.5
4.2853E-02 	 3526.1 	 4.9550E+07 	 1140.8 	 758.4
4.2857E-02 	 3526.0 	 4.9539E+07 	 1140.8 	 758.3
4.2862E-02 	 3525.9 	 4.9528E+07 	 1140.8 	 758.2
4.2866E-02 	 3525.9 	 4.9517E+07 	 1140.7 	 758.1
4.2870E-02 	 3525.8 	 4.9506E+07 	 1140.7 	 758.0
4.2875E-02 	 3525.7 	 4.9494E+07 	 1140.7 	 757.9
4.2879E-02 	 3525.7 	 4.9483E+07 	 1140.7 	 757.8
4.2883E-02 	 3525.6 	 4.9472E+07 	 1140.7 	 757.7
4.2887E-02 	 3525.5 	 4.9461E+07 	 1140.6 	 757.5
4.2892E-02 	 3525.5 	 4.9450E+07 	 1140.6 	 757.4
4.2896E-02 	 3525.4 	 4.9438E+07 	 1140.6 	 757.3
4.2900E-02 	 3525.3 	 4.9427E+07 	 1140.6 	 757.2
4.2905E-02 	 3525.3 	 4.9416E+07 	 1140.5 	 757.1
4.2909E-02 	 3525.2 	 4.9405E+07 	 1140.5 	 757.0
4.2913E-02 	 3525.1 	 4.9394E+07 	 1140.5 	 756.9
4.2918E-02 	 3525.0 	 4.9382E+07 	 1140.5 	 756.8
4.2922E-02 	 3525.0 	 4.9371E+07 	 1140.5 	 756.7
4.2926E-02 	 3524.9 	 4.9360E+07 	 1140.4 	 756.6
4.2930E-02 	 3524.8 	 4.9349E+07 	 1140.4 	 756.5
4.2935E-02 	 3524.8 	 4.9338E+07 	 1140.4 	 756.4
4.2939E-02 	 3524.7 	 4.9327E+07 	 1140.4 	 756.3
4.2943E-02 	 3524.6 	 4.9316E+07 	 1140.3 	 756.2
4.2948E-02 	 3524.6 	 4.9304E+07 	 1140.3 	 756.1
4.2952E-02 	 3524.5 	 4.9293E+07 	 1140.3 	 756.0
4.2956E-02 	 3524.4 	 4.9282E+07 	 1140.3 	 755.9
4.2960E-02 	 3524.4 	 4.9271E+07 	 1140.3 	 755.8
4.2965E-02 	 3524.3 	 4.9260E+07 	 1140.2 	 755.6
4.2969E-02 	 3524.2 	 4.9249E+07 	 1140.2 	 755.5
4.2973E-02 	 3524.2 	 4.9237E+07 	 1140.2 	 755.4
4.2978E-02 	 3524.1 	 4.9226E+07 	 1140.2 	 755.3
4.2982E-02 	 3524.0 	 4.9215E+07 	 1140.1 	 755.2
4.2986E-02 	 3523.9 	 4.9204E+07 	 1140.1 	 755.1
4.2991E-02 	 3523.9 	 4.9193E+07 	 1140.1 	 755.0
4.2995E-02 	 3523.8 	 4.9182E+07 	 1140.1 	 754.9
4.2999E-02 	 3523.7 	 4.9171E+07 	 1140.0 	 754.8
4.3003E-02 	 3523.7 	 4.9160E+07 	 1140.0 	 754.7
4.3008E-02 	 3523.6 	 4.9148E+07 	 1140.0 	 754.6
4.3012E-02 	 3523.5 	 4.9137E+07 	 1140.0 	 754.5
4.3016E-02 	 3523.5 	 4.9126E+07 	 1140.0 	 754.4
4.3021E-02 	 3523.4 	 4.9115E+07 	 1139.9 	 754.3
4.3025E-02 	 3523.3 	 4.9104E+07 	 1139.9 	 754.2
4.3029E-02 	 3523.3 	 4.9093E+07 	 1139.9 	 754.1
4.3034E-02 	 3523.2 	 4.9082E+07 	 1139.9 	 754.0
4.3038E-02 	 3523.1 	 4.9071E+07 	 1139.8 	 753.9
4.3042E-02 	 3523.0 	 4.9060E+07 	 1139.8 	 753.7
4.3046E-02 	 3523.0 	 4.9048E+07 	 1139.8 	 753.6
4.3051E-02 	 3522.9 	 4.9037E+07 	 1139.8 	 753.5
4.3055E-02 	 3522.8 	 4.9026E+07 	 1139.8 	 753.4
4.3059E-02 	 3522.8 	 4.9015E+07 	 1139.7 	 753.3
4.3064E-02 	 3522.7 	 4.9004E+07 	 1139.7 	 753.2
4.3068E-02 	 3522.6 	 4.8993E+07 	 1139.7 	 753.1
4.3072E-02 	 3522.6 	 4.8982E+07 	 1139.7 	 753.0
4.3077E-02 	 3522.5 	 4.8971E+07 	 1139.6 	 752.9
4.3081E-02 	 3522.4 	 4.8960E+07 	 1139.6 	 752.8
4.3085E-02 	 3522.4 	 4.8949E+07 	 1139.6 	 752.7
4.3090E-02 	 3522.3 	 4.8938E+07 	 1139.6 	 752.6
4.3094E-02 	 3522.2 	 4.8926E+07 	 1139.6 	 752.5
4.3098E-02 	 3522.2 	 4.8915E+07 	 1139.5 	 752.4
4.3102E-02 	 3522.1 	 4.8904E+07 	 1139.5 	 752.3
4.3107E-02 	 3522.0 	 4.8893E+07 	 1139.5 	 752.2
4.3111E-02 	 3521.9 	 4.8882E+07 	 1139.5 	 752.1
4.3115E-02 	 3521.9 	 4.8871E+07 	 1139.4 	 752.0
4.3120E-02 	 3521.8 	 4.8860E+07 	 1139.4 	 751.8
4.3124E-02 	 3521.7 	 4.8849E+07 	 1139.4 	 751.7
4.3128E-02 	 3521.7 	 4.8838E+07 	 1139.4 	 751.6
4.3133E-02 	 3521.6 	 4.8827E+07 	 1139.3 	 751.5
4.3137E-02 	 3521.5 	 4.8816E+07 	 1139.3 	 751.4
4.3141E-02 	 3521.5 	 4.8805E+07 	 1139.3 	 751.3
4.3146E-02 	 3521.4 	 4.8794E+07 	 1139.3 	 751.2
4.3150E-02 	 3521.3 	 4.8783E+07 	 1139.3 	 751.1
4.3154E-02 	 3521.3 	 4.8772E+07 	 1139.2 	 751.0
4.3159E-02 	 3521.2 	 4.8761E+07 	 1139.2 	 750.9
4.3163E-02 	 3521.1 	 4.8750E+07 	 1139.2 	 750.8
4.3167E-02 	 3521.0 	 4.8739E+07 	 1139.2 	 750.7
4.3171E-02 	 3521.0 	 4.8728E+07 	 1139.1 	 750.6
4.3176E-02 	 3520.9 	 4.8717E+07 	 1139.1 	 750.5
4.3180E-02 	 3520.8 	 4.8706E+07 	 1139.1 	 750.4
4.3184E-02 	 3520.8 	 4.8694E+07 	 1139.1 	 750.3
4.3189E-02 	 3520.7 	 4.8683E+07 	 1139.1 	 750.2
4.3193E-02 	 3520.6 	 4.8672E+07 	 1139.0 	 750.1
4.3197E-02 	 3520.6 	 4.8661E+07 	 1139.0 	 749.9
4.3202E-02 	 3520.5 	 4.8650E+07 	 1139.0 	 749.8
4.3206E-02 	 3520.4 	 4.8639E+07 	 1139.0 	 749.7
4.3210E-02 	 3520.4 	 4.8628E+07 	 1138.9 	 749.6
4.3215E-02 	 3520.3 	 4.8617E+07 	 1138.9 	 749.5
4.3219E-02 	 3520.2 	 4.8606E+07 	 1138.9 	 749.4
4.3223E-02 	 3520.2 	 4.8595E+07 	 1138.9 	 749.3
4.3228E-02 	 3520.1 	 4.8584E+07 	 1138.9 	 749.2
4.3232E-02 	 3520.0 	 4.8573E+07 	 1138.8 	 749.1
4.3236E-02 	 3519.9 	 4.8562E+07 	 1138.8 	 749.0
4.3241E-02 	 3519.9 	 4.8551E+07 	 1138.8 	 748.9
4.3245E-02 	 3519.8 	 4.8540E+07 	 1138.8 	 748.8
4.3249E-02 	 3519.7 	 4.8529E+07 	 1138.7 	 748.7
4.3254E-02 	 3519.7 	 4.8518E+07 	 1138.7 	 748.6
4.3258E-02 	 3519.6 	 4.8507E+07 	 1138.7 	 748.5
4.3262E-02 	 3519.5 	 4.8496E+07 	 1138.7 	 748.4
4.3267E-02 	 3519.5 	 4.8485E+07 	 1138.6 	 748.3
4.3271E-02 	 3519.4 	 4.8475E+07 	 1138.6 	 748.2
4.3275E-02 	 3519.3 	 4.8464E+07 	 1138.6 	 748.0
4.3280E-02 	 3519.3 	 4.8453E+07 	 1138.6 	 747.9
4.3284E-02 	 3519.2 	 4.8442E+07 	 1138.6 	 747.8
4.3288E-02 	 3519.1 	 4.8431E+07 	 1138.5 	 747.7
4.3293E-02 	 3519.0 	 4.8420E+07 	 1138.5 	 747.6
4.3297E-02 	 3519.0 	 4.8409E+07 	 1138.5 	 747.5
4.3301E-02 	 3518.9 	 4.8398E+07 	 1138.5 	 747.4
4.3305E-02 	 3518.8 	 4.8387E+07 	 1138.4 	 747.3
4.3310E-02 	 3518.8 	 4.8376E+07 	 1138.4 	 747.2
4.3314E-02 	 3518.7 	 4.8365E+07 	 1138.4 	 747.1
4.3318E-02 	 3518.6 	 4.8354E+07 	 1138.4 	 747.0
4.3323E-02 	 3518.6 	 4.8343E+07 	 1138.4 	 746.9
4.3327E-02 	 3518.5 	 4.8332E+07 	 1138.3 	 746.8
4.3331E-02 	 3518.4 	 4.8321E+07 	 1138.3 	 746.7
4.3336E-02 	 3518.4 	 4.8310E+07 	 1138.3 	 746.6
4.3340E-02 	 3518.3 	 4.8299E+07 	 1138.3 	 746.5
4.3344E-02 	 3518.2 	 4.8288E+07 	 1138.2 	 746.4
4.3349E-02 	 3518.2 	 4.8277E+07 	 1138.2 	 746.3
4.3353E-02 	 3518.1 	 4.8266E+07 	 1138.2 	 746.1
4.3357E-02 	 3518.0 	 4.8255E+07 	 1138.2 	 746.0
4.3362E-02 	 3517.9 	 4.8245E+07 	 1138.2 	 745.9
4.3366E-02 	 3517.9 	 4.8234E+07 	 1138.1 	 745.8
4.3370E-02 	 3517.8 	 4.8223E+07 	 1138.1 	 745.7
4.3375E-02 	 3517.7 	 4.8212E+07 	 1138.1 	 745.6
4.3379E-02 	 3517.7 	 4.8201E+07 	 1138.1 	 745.5
4.3384E-02 	 3517.6 	 4.8190E+07 	 1138.0 	 745.4
4.3388E-02 	 3517.5 	 4.8179E+07 	 1138.0 	 745.3
4.3392E-02 	 3517.5 	 4.8168E+07 	 1138.0 	 745.2
4.3397E-02 	 3517.4 	 4.8157E+07 	 1138.0 	 745.1
4.3401E-02 	 3517.3 	 4.8146E+07 	 1137.9 	 745.0
4.3405E-02 	 3517.3 	 4.8135E+07 	 1137.9 	 744.9
4.3410E-02 	 3517.2 	 4.8125E+07 	 1137.9 	 744.8
4.3414E-02 	 3517.1 	 4.8114E+07 	 1137.9 	 744.7
4.3418E-02 	 3517.1 	 4.8103E+07 	 1137.9 	 744.6
4.3423E-02 	 3517.0 	 4.8092E+07 	 1137.8 	 744.5
4.3427E-02 	 3516.9 	 4.8081E+07 	 1137.8 	 744.4
4.3431E-02 	 3516.8 	 4.8070E+07 	 1137.8 	 744.2
4.3436E-02 	 3516.8 	 4.8059E+07 	 1137.8 	 744.1
4.3440E-02 	 3516.7 	 4.8048E+07 	 1137.7 	 744.0
4.3444E-02 	 3516.6 	 4.8037E+07 	 1137.7 	 743.9
4.3449E-02 	 3516.6 	 4.8027E+07 	 1137.7 	 743.8
4.3453E-02 	 3516.5 	 4.8016E+07 	 1137.7 	 743.7
4.3457E-02 	 3516.4 	 4.8005E+07 	 1137.7 	 743.6
4.3462E-02 	 3516.4 	 4.7994E+07 	 1137.6 	 743.5
4.3466E-02 	 3516.3 	 4.7983E+07 	 1137.6 	 743.4
4.3470E-02 	 3516.2 	 4.7972E+07 	 1137.6 	 743.3
4.3475E-02 	 3516.2 	 4.7961E+07 	 1137.6 	 743.2
4.3479E-02 	 3516.1 	 4.7950E+07 	 1137.5 	 743.1
4.3483E-02 	 3516.0 	 4.7940E+07 	 1137.5 	 743.0
4.3488E-02 	 3515.9 	 4.7929E+07 	 1137.5 	 742.9
4.3492E-02 	 3515.9 	 4.7918E+07 	 1137.5 	 742.8
4.3496E-02 	 3515.8 	 4.7907E+07 	 1137.5 	 742.7
4.3501E-02 	 3515.7 	 4.7896E+07 	 1137.4 	 742.6
4.3505E-02 	 3515.7 	 4.7885E+07 	 1137.4 	 742.5
4.3509E-02 	 3515.6 	 4.7874E+07 	 1137.4 	 742.4
4.3514E-02 	 3515.5 	 4.7864E+07 	 1137.4 	 742.2
4.3518E-02 	 3515.5 	 4.7853E+07 	 1137.3 	 742.1
4.3523E-02 	 3515.4 	 4.7842E+07 	 1137.3 	 742.0
4.3527E-02 	 3515.3 	 4.7831E+07 	 1137.3 	 741.9
4.3531E-02 	 3515.3 	 4.7820E+07 	 1137.3 	 741.8
4.3536E-02 	 3515.2 	 4.7809E+07 	 1137.2 	 741.7
4.3540E-02 	 3515.1 	 4.7799E+07 	 1137.2 	 741.6
4.3544E-02 	 3515.1 	 4.7788E+07 	 1137.2 	 741.5
4.3549E-02 	 3515.0 	 4.7777E+07 	 1137.2 	 741.4
4.3553E-02 	 3514.9 	 4.7766E+07 	 1137.2 	 741.3
4.3557E-02 	 3514.8 	 4.7755E+07 	 1137.1 	 741.2
4.3562E-02 	 3514.8 	 4.7744E+07 	 1137.1 	 741.1
4.3566E-02 	 3514.7 	 4.7734E+07 	 1137.1 	 741.0
4.3570E-02 	 3514.6 	 4.7723E+07 	 1137.1 	 740.9
4.3575E-02 	 3514.6 	 4.7712E+07 	 1137.0 	 740.8
4.3579E-02 	 3514.5 	 4.7701E+07 	 1137.0 	 740.7
4.3584E-02 	 3514.4 	 4.7690E+07 	 1137.0 	 740.6
4.3588E-02 	 3514.4 	 4.7680E+07 	 1137.0 	 740.5
4.3592E-02 	 3514.3 	 4.7669E+07 	 1137.0 	 740.3
4.3597E-02 	 3514.2 	 4.7658E+07 	 1136.9 	 740.2
4.3601E-02 	 3514.2 	 4.7647E+07 	 1136.9 	 740.1
4.3605E-02 	 3514.1 	 4.7636E+07 	 1136.9 	 740.0
4.3610E-02 	 3514.0 	 4.7626E+07 	 1136.9 	 739.9
4.3614E-02 	 3513.9 	 4.7615E+07 	 1136.8 	 739.8
4.3618E-02 	 3513.9 	 4.7604E+07 	 1136.8 	 739.7
4.3623E-02 	 3513.8 	 4.7593E+07 	 1136.8 	 739.6
4.3627E-02 	 3513.7 	 4.7583E+07 	 1136.8 	 739.5
4.3631E-02 	 3513.7 	 4.7572E+07 	 1136.8 	 739.4
4.3636E-02 	 3513.6 	 4.7561E+07 	 1136.7 	 739.3
4.3640E-02 	 3513.5 	 4.7550E+07 	 1136.7 	 739.2
4.3645E-02 	 3513.5 	 4.7539E+07 	 1136.7 	 739.1
4.3649E-02 	 3513.4 	 4.7529E+07 	 1136.7 	 739.0
4.3653E-02 	 3513.3 	 4.7518E+07 	 1136.6 	 738.9
4.3658E-02 	 3513.3 	 4.7507E+07 	 1136.6 	 738.8
4.3662E-02 	 3513.2 	 4.7496E+07 	 1136.6 	 738.7
4.3666E-02 	 3513.1 	 4.7486E+07 	 1136.6 	 738.6
4.3671E-02 	 3513.1 	 4.7475E+07 	 1136.5 	 738.4
4.3675E-02 	 3513.0 	 4.7464E+07 	 1136.5 	 738.3
4.3680E-02 	 3512.9 	 4.7453E+07 	 1136.5 	 738.2
4.3684E-02 	 3512.8 	 4.7443E+07 	 1136.5 	 738.1
4.3688E-02 	 3512.8 	 4.7432E+07 	 1136.5 	 738.0
4.3693E-02 	 3512.7 	 4.7421E+07 	 1136.4 	 737.9
4.3697E-02 	 3512.6 	 4.7410E+07 	 1136.4 	 737.8
4.3701E-02 	 3512.6 	 4.7400E+07 	 1136.4 	 737.7
4.3706E-02 	 3512.5 	 4.7389E+07 	 1136.4 	 737.6
4.3710E-02 	 3512.4 	 4.7378E+07 	 1136.3 	 737.5
4.3714E-02 	 3512.4 	 4.7367E+07 	 1136.3 	 737.4
4.3719E-02 	 3512.3 	 4.7357E+07 	 1136.3 	 737.3
4.3723E-02 	 3512.2 	 4.7346E+07 	 1136.3 	 737.2
4.3728E-02 	 3512.2 	 4.7335E+07 	 1136.3 	 737.1
4.3732E-02 	 3512.1 	 4.7324E+07 	 1136.2 	 737.0
4.3736E-02 	 3512.0 	 4.7314E+07 	 1136.2 	 736.9
4.3741E-02 	 3512.0 	 4.7303E+07 	 1136.2 	 736.8
4.3745E-02 	 3511.9 	 4.7292E+07 	 1136.2 	 736.7
4.3749E-02 	 3511.8 	 4.7282E+07 	 1136.1 	 736.6
4.3754E-02 	 3511.7 	 4.7271E+07 	 1136.1 	 736.4
4.3758E-02 	 3511.7 	 4.7260E+07 	 1136.1 	 736.3
4.3763E-02 	 3511.6 	 4.7249E+07 	 1136.1 	 736.2
4.3767E-02 	 3511.5 	 4.7239E+07 	 1136.1 	 736.1
4.3771E-02 	 3511.5 	 4.7228E+07 	 1136.0 	 736.0
4.3776E-02 	 3511.4 	 4.7217E+07 	 1136.0 	 735.9
4.3780E-02 	 3511.3 	 4.7207E+07 	 1136.0 	 735.8
4.3784E-02 	 3511.3 	 4.7196E+07 	 1136.0 	 735.7
4.3789E-02 	 3511.2 	 4.7185E+07 	 1135.9 	 735.6
4.3793E-02 	 3511.1 	 4.7174E+07 	 1135.9 	 735.5
4.3798E-02 	 3511.1 	 4.7164E+07 	 1135.9 	 735.4
4.3802E-02 	 3511.0 	 4.7153E+07 	 1135.9 	 735.3
4.3806E-02 	 3510.9 	 4.7142E+07 	 1135.9 	 735.2
4.3811E-02 	 3510.8 	 4.7132E+07 	 1135.8 	 735.1
4.3815E-02 	 3510.8 	 4.7121E+07 	 1135.8 	 735.0
4.3819E-02 	 3510.7 	 4.7110E+07 	 1135.8 	 734.9
4.3824E-02 	 3510.6 	 4.7100E+07 	 1135.8 	 734.8
4.3828E-02 	 3510.6 	 4.7089E+07 	 1135.7 	 734.7
4.3833E-02 	 3510.5 	 4.7078E+07 	 1135.7 	 734.6
4.3837E-02 	 3510.4 	 4.7068E+07 	 1135.7 	 734.4
4.3841E-02 	 3510.4 	 4.7057E+07 	 1135.7 	 734.3
4.3846E-02 	 3510.3 	 4.7046E+07 	 1135.6 	 734.2
4.3850E-02 	 3510.2 	 4.7036E+07 	 1135.6 	 734.1
4.3855E-02 	 3510.2 	 4.7025E+07 	 1135.6 	 734.0
4.3859E-02 	 3510.1 	 4.7014E+07 	 1135.6 	 733.9
4.3863E-02 	 3510.0 	 4.7004E+07 	 1135.6 	 733.8
4.3868E-02 	 3510.0 	 4.6993E+07 	 1135.5 	 733.7
4.3872E-02 	 3509.9 	 4.6982E+07 	 1135.5 	 733.6
4.3876E-02 	 3509.8 	 4.6972E+07 	 1135.5 	 733.5
4.3881E-02 	 3509.7 	 4.6961E+07 	 1135.5 	 733.4
4.3885E-02 	 3509.7 	 4.6950E+07 	 1135.4 	 733.3
4.3890E-02 	 3509.6 	 4.6940E+07 	 1135.4 	 733.2
4.3894E-02 	 3509.5 	 4.6929E+07 	 1135.4 	 733.1
4.3898E-02 	 3509.5 	 4.6919E+07 	 1135.4 	 733.0
4.3903E-02 	 3509.4 	 4.6908E+07 	 1135.4 	 732.9
4.3907E-02 	 3509.3 	 4.6897E+07 	 1135.3 	 732.8
4.3912E-02 	 3509.3 	 4.6887E+07 	 1135.3 	 732.7
4.3916E-02 	 3509.2 	 4.6876E+07 	 1135.3 	 732.5
4.3920E-02 	 3509.1 	 4.6865E+07 	 1135.3 	 732.4
4.3925E-02 	 3509.1 	 4.6855E+07 	 1135.2 	 732.3
4.3929E-02 	 3509.0 	 4.6844E+07 	 1135.2 	 732.2
4.3934E-02 	 3508.9 	 4.6833E+07 	 1135.2 	 732.1
4.3938E-02 	 3508.9 	 4.6823E+07 	 1135.2 	 732.0
4.3942E-02 	 3508.8 	 4.6812E+07 	 1135.2 	 731.9
4.3947E-02 	 3508.7 	 4.6802E+07 	 1135.1 	 731.8
4.3951E-02 	 3508.6 	 4.6791E+07 	 1135.1 	 731.7
4.3956E-02 	 3508.6 	 4.6780E+07 	 1135.1 	 731.6
4.3960E-02 	 3508.5 	 4.6770E+07 	 1135.1 	 731.5
4.3964E-02 	 3508.4 	 4.6759E+07 	 1135.0 	 731.4
4.3969E-02 	 3508.4 	 4.6749E+07 	 1135.0 	 731.3
4.3973E-02 	 3508.3 	 4.6738E+07 	 1135.0 	 731.2
4.3978E-02 	 3508.2 	 4.6727E+07 	 1135.0 	 731.1
4.3982E-02 	 3508.2 	 4.6717E+07 	 1134.9 	 731.0
4.3986E-02 	 3508.1 	 4.6706E+07 	 1134.9 	 730.9
4.3991E-02 	 3508.0 	 4.6696E+07 	 1134.9 	 730.8
4.3995E-02 	 3508.0 	 4.6685E+07 	 1134.9 	 730.7
4.4000E-02 	 3507.9 	 4.6674E+07 	 1134.9 	 730.5
4.4004E-02 	 3507.8 	 4.6664E+07 	 1134.8 	 730.4
4.4008E-02 	 3507.8 	 4.6653E+07 	 1134.8 	 730.3
4.4013E-02 	 3507.7 	 4.6643E+07 	 1134.8 	 730.2
4.4017E-02 	 3507.6 	 4.6632E+07 	 1134.8 	 730.1
4.4022E-02 	 3507.5 	 4.6622E+07 	 1134.7 	 730.0
4.4026E-02 	 3507.5 	 4.6611E+07 	 1134.7 	 729.9
4.4030E-02 	 3507.4 	 4.6600E+07 	 1134.7 	 729.8
4.4035E-02 	 3507.3 	 4.6590E+07 	 1134.7 	 729.7
4.4039E-02 	 3507.3 	 4.6579E+07 	 1134.7 	 729.6
4.4044E-02 	 3507.2 	 4.6569E+07 	 1134.6 	 729.5
4.4048E-02 	 3507.1 	 4.6558E+07 	 1134.6 	 729.4
4.4052E-02 	 3507.1 	 4.6548E+07 	 1134.6 	 729.3
4.4057E-02 	 3507.0 	 4.6537E+07 	 1134.6 	 729.2
4.4061E-02 	 3506.9 	 4.6526E+07 	 1134.5 	 729.1
4.4066E-02 	 3506.9 	 4.6516E+07 	 1134.5 	 729.0
4.4070E-02 	 3506.8 	 4.6505E+07 	 1134.5 	 728.9
4.4074E-02 	 3506.7 	 4.6495E+07 	 1134.5 	 728.8
4.4079E-02 	 3506.6 	 4.6484E+07 	 1134.5 	 728.7
4.4083E-02 	 3506.6 	 4.6474E+07 	 1134.4 	 728.5
4.4088E-02 	 3506.5 	 4.6463E+07 	 1134.4 	 728.4
4.4092E-02 	 3506.4 	 4.6453E+07 	 1134.4 	 728.3
4.4096E-02 	 3506.4 	 4.6442E+07 	 1134.4 	 728.2
4.4101E-02 	 3506.3 	 4.6432E+07 	 1134.3 	 728.1
4.4105E-02 	 3506.2 	 4.6421E+07 	 1134.3 	 728.0
4.4110E-02 	 3506.2 	 4.6411E+07 	 1134.3 	 727.9
4.4114E-02 	 3506.1 	 4.6400E+07 	 1134.3 	 727.8
4.4118E-02 	 3506.0 	 4.6389E+07 	 1134.3 	 727.7
4.4123E-02 	 3506.0 	 4.6379E+07 	 1134.2 	 727.6
4.4127E-02 	 3505.9 	 4.6368E+07 	 1134.2 	 727.5
4.4132E-02 	 3505.8 	 4.6358E+07 	 1134.2 	 727.4
4.4136E-02 	 3505.8 	 4.6347E+07 	 1134.2 	 727.3
4.4141E-02 	 3505.7 	 4.6337E+07 	 1134.1 	 727.2
4.4145E-02 	 3505.6 	 4.6326E+07 	 1134.1 	 727.1
4.4149E-02 	 3505.5 	 4.6316E+07 	 1134.1 	 727.0
4.4154E-02 	 3505.5 	 4.6305E+07 	 1134.1 	 726.9
4.4158E-02 	 3505.4 	 4.6295E+07 	 1134.0 	 726.8
4.4163E-02 	 3505.3 	 4.6284E+07 	 1134.0 	 726.7
4.4167E-02 	 3505.3 	 4.6274E+07 	 1134.0 	 726.5
4.4171E-02 	 3505.2 	 4.6263E+07 	 1134.0 	 726.4
4.4176E-02 	 3505.1 	 4.6253E+07 	 1134.0 	 726.3
4.4180E-02 	 3505.1 	 4.6242E+07 	 1133.9 	 726.2
4.4185E-02 	 3505.0 	 4.6232E+07 	 1133.9 	 726.1
4.4189E-02 	 3504.9 	 4.6221E+07 	 1133.9 	 726.0
4.4194E-02 	 3504.9 	 4.6211E+07 	 1133.9 	 725.9
4.4198E-02 	 3504.8 	 4.6200E+07 	 1133.8 	 725.8
4.4202E-02 	 3504.7 	 4.6190E+07 	 1133.8 	 725.7
4.4207E-02 	 3504.7 	 4.6179E+07 	 1133.8 	 725.6
4.4211E-02 	 3504.6 	 4.6169E+07 	 1133.8 	 725.5
4.4216E-02 	 3504.5 	 4.6159E+07 	 1133.8 	 725.4
4.4220E-02 	 3504.4 	 4.6148E+07 	 1133.7 	 725.3
4.4224E-02 	 3504.4 	 4.6138E+07 	 1133.7 	 725.2
4.4229E-02 	 3504.3 	 4.6127E+07 	 1133.7 	 725.1
4.4233E-02 	 3504.2 	 4.6117E+07 	 1133.7 	 725.0
4.4238E-02 	 3504.2 	 4.6106E+07 	 1133.6 	 724.9
4.4242E-02 	 3504.1 	 4.6096E+07 	 1133.6 	 724.8
4.4247E-02 	 3504.0 	 4.6085E+07 	 1133.6 	 724.7
4.4251E-02 	 3504.0 	 4.6075E+07 	 1133.6 	 724.5
4.4255E-02 	 3503.9 	 4.6064E+07 	 1133.6 	 724.4
4.4260E-02 	 3503.8 	 4.6054E+07 	 1133.5 	 724.3
4.4264E-02 	 3503.8 	 4.6043E+07 	 1133.5 	 724.2
4.4269E-02 	 3503.7 	 4.6033E+07 	 1133.5 	 724.1
4.4273E-02 	 3503.6 	 4.6023E+07 	 1133.5 	 724.0
4.4278E-02 	 3503.6 	 4.6012E+07 	 1133.4 	 723.9
4.4282E-02 	 3503.5 	 4.6002E+07 	 1133.4 	 723.8
4.4286E-02 	 3503.4 	 4.5991E+07 	 1133.4 	 723.7
4.4291E-02 	 3503.3 	 4.5981E+07 	 1133.4 	 723.6
4.4295E-02 	 3503.3 	 4.5970E+07 	 1133.4 	 723.5
4.4300E-02 	 3503.2 	 4.5960E+07 	 1133.3 	 723.4
4.4304E-02 	 3503.1 	 4.5950E+07 	 1133.3 	 723.3
4.4309E-02 	 3503.1 	 4.5939E+07 	 1133.3 	 723.2
4.4313E-02 	 3503.0 	 4.5929E+07 	 1133.3 	 723.1
4.4317E-02 	 3502.9 	 4.5918E+07 	 1133.2 	 723.0
4.4322E-02 	 3502.9 	 4.5908E+07 	 1133.2 	 722.9
4.4326E-02 	 3502.8 	 4.5897E+07 	 1133.2 	 722.8
4.4331E-02 	 3502.7 	 4.5887E+07 	 1133.2 	 722.7
4.4335E-02 	 3502.7 	 4.5877E+07 	 1133.1 	 722.5
4.4340E-02 	 3502.6 	 4.5866E+07 	 1133.1 	 722.4
4.4344E-02 	 3502.5 	 4.5856E+07 	 1133.1 	 722.3
4.4348E-02 	 3502.5 	 4.5845E+07 	 1133.1 	 722.2
4.4353E-02 	 3502.4 	 4.5835E+07 	 1133.1 	 722.1
4.4357E-02 	 3502.3 	 4.5825E+07 	 1133.0 	 722.0
4.4362E-02 	 3502.2 	 4.5814E+07 	 1133.0 	 721.9
4.4366E-02 	 3502.2 	 4.5804E+07 	 1133.0 	 721.8
4.4371E-02 	 3502.1 	 4.5793E+07 	 1133.0 	 721.7
4.4375E-02 	 3502.0 	 4.5783E+07 	 1132.9 	 721.6
4.4380E-02 	 3502.0 	 4.5773E+07 	 1132.9 	 721.5
4.4384E-02 	 3501.9 	 4.5762E+07 	 1132.9 	 721.4
4.4388E-02 	 3501.8 	 4.5752E+07 	 1132.9 	 721.3
4.4393E-02 	 3501.8 	 4.5741E+07 	 1132.9 	 721.2
4.4397E-02 	 3501.7 	 4.5731E+07 	 1132.8 	 721.1
4.4402E-02 	 3501.6 	 4.5721E+07 	 1132.8 	 721.0
4.4406E-02 	 3501.6 	 4.5710E+07 	 1132.8 	 720.9
4.4411E-02 	 3501.5 	 4.5700E+07 	 1132.8 	 720.8
4.4415E-02 	 3501.4 	 4.5690E+07 	 1132.7 	 720.7
4.4419E-02 	 3501.3 	 4.5679E+07 	 1132.7 	 720.5
4.4424E-02 	 3501.3 	 4.5669E+07 	 1132.7 	 720.4
4.4428E-02 	 3501.2 	 4.5658E+07 	 1132.7 	 720.3
4.4433E-02 	 3501.1 	 4.5648E+07 	 1132.7 	 720.2
4.4437E-02 	 3501.1 	 4.5638E+07 	 1132.6 	 720.1
4.4442E-02 	 3501.0 	 4.5627E+07 	 1132.6 	 720.0
4.4446E-02 	 3500.9 	 4.5617E+07 	 1132.6 	 719.9
4.4451E-02 	 3500.9 	 4.5607E+07 	 1132.6 	 719.8
4.4455E-02 	 3500.8 	 4.5596E+07 	 1132.5 	 719.7
4.4459E-02 	 3500.7 	 4.5586E+07 	 1132.5 	 719.6
4.4464E-02 	 3500.7 	 4.5576E+07 	 1132.5 	 719.5
4.4468E-02 	 3500.6 	 4.5565E+07 	 1132.5 	 719.4
4.4473E-02 	 3500.5 	 4.5555E+07 	 1132.5 	 719.3
4.4477E-02 	 3500.5 	 4.5545E+07 	 1132.4 	 719.2
4.4482E-02 	 3500.4 	 4.5534E+07 	 1132.4 	 719.1
4.4486E-02 	 3500.3 	 4.5524E+07 	 1132.4 	 719.0
4.4491E-02 	 3500.2 	 4.5514E+07 	 1132.4 	 718.9
4.4495E-02 	 3500.2 	 4.5503E+07 	 1132.3 	 718.8
4.4500E-02 	 3500.1 	 4.5493E+07 	 1132.3 	 718.7
4.4504E-02 	 3500.0 	 4.5483E+07 	 1132.3 	 718.5
4.4508E-02 	 3500.0 	 4.5472E+07 	 1132.3 	 718.4
4.4513E-02 	 3499.9 	 4.5462E+07 	 1132.2 	 718.3
4.4517E-02 	 3499.8 	 4.5452E+07 	 1132.2 	 718.2
4.4522E-02 	 3499.8 	 4.5441E+07 	 1132.2 	 718.1
4.4526E-02 	 3499.7 	 4.5431E+07 	 1132.2 	 718.0
4.4531E-02 	 3499.6 	 4.5421E+07 	 1132.2 	 717.9
4.4535E-02 	 3499.6 	 4.5410E+07 	 1132.1 	 717.8
4.4540E-02 	 3499.5 	 4.5400E+07 	 1132.1 	 717.7
4.4544E-02 	 3499.4 	 4.5390E+07 	 1132.1 	 717.6
4.4548E-02 	 3499.4 	 4.5379E+07 	 1132.1 	 717.5
4.4553E-02 	 3499.3 	 4.5369E+07 	 1132.0 	 717.4
4.4557E-02 	 3499.2 	 4.5359E+07 	 1132.0 	 717.3
4.4562E-02 	 3499.1 	 4.5348E+07 	 1132.0 	 717.2
4.4566E-02 	 3499.1 	 4.5338E+07 	 1132.0 	 717.1
4.4571E-02 	 3499.0 	 4.5328E+07 	 1132.0 	 717.0
4.4575E-02 	 3498.9 	 4.5318E+07 	 1131.9 	 716.9
4.4580E-02 	 3498.9 	 4.5307E+07 	 1131.9 	 716.8
4.4584E-02 	 3498.8 	 4.5297E+07 	 1131.9 	 716.7
4.4589E-02 	 3498.7 	 4.5287E+07 	 1131.9 	 716.5
4.4593E-02 	 3498.7 	 4.5276E+07 	 1131.8 	 716.4
4.4598E-02 	 3498.6 	 4.5266E+07 	 1131.8 	 716.3
4.4602E-02 	 3498.5 	 4.5256E+07 	 1131.8 	 716.2
4.4606E-02 	 3498.5 	 4.5246E+07 	 1131.8 	 716.1
4.4611E-02 	 3498.4 	 4.5235E+07 	 1131.8 	 716.0
4.4615E-02 	 3498.3 	 4.5225E+07 	 1131.7 	 715.9
4.4620E-02 	 3498.3 	 4.5215E+07 	 1131.7 	 715.8
4.4624E-02 	 3498.2 	 4.5205E+07 	 1131.7 	 715.7
4.4629E-02 	 3498.1 	 4.5194E+07 	 1131.7 	 715.6
4.4633E-02 	 3498.0 	 4.5184E+07 	 1131.6 	 715.5
4.4638E-02 	 3498.0 	 4.5174E+07 	 1131.6 	 715.4
4.4642E-02 	 3497.9 	 4.5163E+07 	 1131.6 	 715.3
4.4647E-02 	 3497.8 	 4.5153E+07 	 1131.6 	 715.2
4.4651E-02 	 3497.8 	 4.5143E+07 	 1131.6 	 715.1
4.4656E-02 	 3497.7 	 4.5133E+07 	 1131.5 	 715.0
4.4660E-02 	 3497.6 	 4.5122E+07 	 1131.5 	 714.9
4.4664E-02 	 3497.6 	 4.5112E+07 	 1131.5 	 714.8
4.4669E-02 	 3497.5 	 4.5102E+07 	 1131.5 	 714.7
4.4673E-02 	 3497.4 	 4.5092E+07 	 1131.4 	 714.5
4.4678E-02 	 3497.4 	 4.5082E+07 	 1131.4 	 714.4
4.4682E-02 	 3497.3 	 4.5071E+07 	 1131.4 	 714.3
4.4687E-02 	 3497.2 	 4.5061E+07 	 1131.4 	 714.2
4.4691E-02 	 3497.2 	 4.5051E+07 	 1131.4 	 714.1
4.4696E-02 	 3497.1 	 4.5041E+07 	 1131.3 	 714.0
4.4700E-02 	 3497.0 	 4.5030E+07 	 1131.3 	 713.9
4.4705E-02 	 3496.9 	 4.5020E+07 	 1131.3 	 713.8
4.4709E-02 	 3496.9 	 4.5010E+07 	 1131.3 	 713.7
4.4714E-02 	 3496.8 	 4.5000E+07 	 1131.2 	 713.6
4.4718E-02 	 3496.7 	 4.4989E+07 	 1131.2 	 713.5
4.4723E-02 	 3496.7 	 4.4979E+07 	 1131.2 	 713.4
4.4727E-02 	 3496.6 	 4.4969E+07 	 1131.2 	 713.3
4.4731E-02 	 3496.5 	 4.4959E+07 	 1131.1 	 713.2
4.4736E-02 	 3496.5 	 4.4949E+07 	 1131.1 	 713.1
4.4740E-02 	 3496.4 	 4.4938E+07 	 1131.1 	 713.0
4.4745E-02 	 3496.3 	 4.4928E+07 	 1131.1 	 712.9
4.4749E-02 	 3496.3 	 4.4918E+07 	 1131.1 	 712.8
4.4754E-02 	 3496.2 	 4.4908E+07 	 1131.0 	 712.7
4.4758E-02 	 3496.1 	 4.4898E+07 	 1131.0 	 712.6
4.4763E-02 	 3496.1 	 4.4887E+07 	 1131.0 	 712.4
4.4767E-02 	 3496.0 	 4.4877E+07 	 1131.0 	 712.3
4.4772E-02 	 3495.9 	 4.4867E+07 	 1130.9 	 712.2
4.4776E-02 	 3495.8 	 4.4857E+07 	 1130.9 	 712.1
4.4781E-02 	 3495.8 	 4.4847E+07 	 1130.9 	 712.0
4.4785E-02 	 3495.7 	 4.4836E+07 	 1130.9 	 711.9
4.4790E-02 	 3495.6 	 4.4826E+07 	 1130.9 	 711.8
4.4794E-02 	 3495.6 	 4.4816E+07 	 1130.8 	 711.7
4.4799E-02 	 3495.5 	 4.4806E+07 	 1130.8 	 711.6
4.4803E-02 	 3495.4 	 4.4796E+07 	 1130.8 	 711.5
4.4808E-02 	 3495.4 	 4.4786E+07 	 1130.8 	 711.4
4.4812E-02 	 3495.3 	 4.4775E+07 	 1130.7 	 711.3
4.4817E-02 	 3495.2 	 4.4765E+07 	 1130.7 	 711.2
4.4821E-02 	 3495.2 	 4.4755E+07 	 1130.7 	 711.1
4.4826E-02 	 3495.1 	 4.4745E+07 	 1130.7 	 711.0
4.4830E-02 	 3495.0 	 4.4735E+07 	 1130.7 	 710.9
4.4834E-02 	 3495.0 	 4.4724E+07 	 1130.6 	 710.8
4.4839E-02 	 3494.9 	 4.4714E+07 	 1130.6 	 710.7
4.4843E-02 	 3494.8 	 4.4704E+07 	 1130.6 	 710.6
4.4848E-02 	 3494.7 	 4.4694E+07 	 1130.6 	 710.4
4.4852E-02 	 3494.7 	 4.4684E+07 	 1130.5 	 710.3
4.4857E-02 	 3494.6 	 4.4674E+07 	 1130.5 	 710.2
4.4861E-02 	 3494.5 	 4.4664E+07 	 1130.5 	 710.1
4.4866E-02 	 3494.5 	 4.4653E+07 	 1130.5 	 710.0
4.4870E-02 	 3494.4 	 4.4643E+07 	 1130.5 	 709.9
4.4875E-02 	 3494.3 	 4.4633E+07 	 1130.4 	 709.8
4.4879E-02 	 3494.3 	 4.4623E+07 	 1130.4 	 709.7
4.4884E-02 	 3494.2 	 4.4613E+07 	 1130.4 	 709.6
4.4888E-02 	 3494.1 	 4.4603E+07 	 1130.4 	 709.5
4.4893E-02 	 3494.1 	 4.4593E+07 	 1130.3 	 709.4
4.4897E-02 	 3494.0 	 4.4582E+07 	 1130.3 	 709.3
4.4902E-02 	 3493.9 	 4.4572E+07 	 1130.3 	 709.2
4.4906E-02 	 3493.9 	 4.4562E+07 	 1130.3 	 709.1
4.4911E-02 	 3493.8 	 4.4552E+07 	 1130.3 	 709.0
4.4915E-02 	 3493.7 	 4.4542E+07 	 1130.2 	 708.9
4.4920E-02 	 3493.6 	 4.4532E+07 	 1130.2 	 708.8
4.4924E-02 	 3493.6 	 4.4522E+07 	 1130.2 	 708.7
4.4929E-02 	 3493.5 	 4.4512E+07 	 1130.2 	 708.6
4.4933E-02 	 3493.4 	 4.4501E+07 	 1130.1 	 708.5
4.4938E-02 	 3493.4 	 4.4491E+07 	 1130.1 	 708.3
4.4942E-02 	 3493.3 	 4.4481E+07 	 1130.1 	 708.2
4.4947E-02 	 3493.2 	 4.4471E+07 	 1130.1 	 708.1
4.4951E-02 	 3493.2 	 4.4461E+07 	 1130.0 	 708.0
4.4956E-02 	 3493.1 	 4.4451E+07 	 1130.0 	 707.9
4.4960E-02 	 3493.0 	 4.4441E+07 	 1130.0 	 707.8
4.4965E-02 	 3493.0 	 4.4431E+07 	 1130.0 	 707.7
4.4969E-02 	 3492.9 	 4.4421E+07 	 1130.0 	 707.6
4.4974E-02 	 3492.8 	 4.4411E+07 	 1129.9 	 707.5
4.4978E-02 	 3492.8 	 4.4400E+07 	 1129.9 	 707.4
4.4983E-02 	 3492.7 	 4.4390E+07 	 1129.9 	 707.3
4.4987E-02 	 3492.6 	 4.4380E+07 	 1129.9 	 707.2
4.4992E-02 	 3492.5 	 4.4370E+07 	 1129.8 	 707.1
4.4996E-02 	 3492.5 	 4.4360E+07 	 1129.8 	 707.0
4.5001E-02 	 3492.4 	 4.4350E+07 	 1129.8 	 706.9
4.5005E-02 	 3492.3 	 4.4340E+07 	 1129.8 	 706.8
4.5010E-02 	 3492.3 	 4.4330E+07 	 1129.8 	 706.7
4.5014E-02 	 3492.2 	 4.4320E+07 	 1129.7 	 706.6
4.5019E-02 	 3492.1 	 4.4310E+07 	 1129.7 	 706.5
4.5023E-02 	 3492.1 	 4.4300E+07 	 1129.7 	 706.4
4.5028E-02 	 3492.0 	 4.4290E+07 	 1129.7 	 706.2
4.5032E-02 	 3491.9 	 4.4279E+07 	 1129.6 	 706.1
4.5037E-02 	 3491.9 	 4.4269E+07 	 1129.6 	 706.0
4.5041E-02 	 3491.8 	 4.4259E+07 	 1129.6 	 705.9
4.5046E-02 	 3491.7 	 4.4249E+07 	 1129.6 	 705.8
4.5050E-02 	 3491.7 	 4.4239E+07 	 1129.6 	 705.7
4.5055E-02 	 3491.6 	 4.4229E+07 	 1129.5 	 705.6
4.5059E-02 	 3491.5 	 4.4219E+07 	 1129.5 	 705.5
4.5064E-02 	 3491.4 	 4.4209E+07 	 1129.5 	 705.4
4.5068E-02 	 3491.4 	 4.4199E+07 	 1129.5 	 705.3
4.5073E-02 	 3491.3 	 4.4189E+07 	 1129.4 	 705.2
4.5077E-02 	 3491.2 	 4.4179E+07 	 1129.4 	 705.1
4.5082E-02 	 3491.2 	 4.4169E+07 	 1129.4 	 705.0
4.5086E-02 	 3491.1 	 4.4159E+07 	 1129.4 	 704.9
4.5091E-02 	 3491.0 	 4.4149E+07 	 1129.4 	 704.8
4.5095E-02 	 3491.0 	 4.4139E+07 	 1129.3 	 704.7
4.5100E-02 	 3490.9 	 4.4129E+07 	 1129.3 	 704.6
4.5104E-02 	 3490.8 	 4.4119E+07 	 1129.3 	 704.5
4.5109E-02 	 3490.8 	 4.4109E+07 	 1129.3 	 704.4
4.5113E-02 	 3490.7 	 4.4099E+07 	 1129.2 	 704.2
4.5118E-02 	 3490.6 	 4.4089E+07 	 1129.2 	 704.1
4.5122E-02 	 3490.6 	 4.4079E+07 	 1129.2 	 704.0
4.5127E-02 	 3490.5 	 4.4069E+07 	 1129.2 	 703.9
4.5131E-02 	 3490.4 	 4.4059E+07 	 1129.2 	 703.8
4.5136E-02 	 3490.3 	 4.4049E+07 	 1129.1 	 703.7
4.5140E-02 	 3490.3 	 4.4039E+07 	 1129.1 	 703.6
4.5145E-02 	 3490.2 	 4.4029E+07 	 1129.1 	 703.5
4.5149E-02 	 3490.1 	 4.4019E+07 	 1129.1 	 703.4
4.5154E-02 	 3490.1 	 4.4009E+07 	 1129.0 	 703.3
4.5158E-02 	 3490.0 	 4.3999E+07 	 1129.0 	 703.2
4.5163E-02 	 3489.9 	 4.3989E+07 	 1129.0 	 703.1
4.5167E-02 	 3489.9 	 4.3979E+07 	 1129.0 	 703.0
4.5172E-02 	 3489.8 	 4.3969E+07 	 1128.9 	 702.9
4.5177E-02 	 3489.7 	 4.3959E+07 	 1128.9 	 702.8
4.5181E-02 	 3489.7 	 4.3949E+07 	 1128.9 	 702.7
4.5186E-02 	 3489.6 	 4.3939E+07 	 1128.9 	 702.6
4.5190E-02 	 3489.5 	 4.3929E+07 	 1128.9 	 702.5
4.5195E-02 	 3489.5 	 4.3919E+07 	 1128.8 	 702.4
4.5199E-02 	 3489.4 	 4.3909E+07 	 1128.8 	 702.3
4.5204E-02 	 3489.3 	 4.3899E+07 	 1128.8 	 702.1
4.5208E-02 	 3489.3 	 4.3889E+07 	 1128.8 	 702.0
4.5213E-02 	 3489.2 	 4.3879E+07 	 1128.7 	 701.9
4.5217E-02 	 3489.1 	 4.3869E+07 	 1128.7 	 701.8
4.5222E-02 	 3489.0 	 4.3859E+07 	 1128.7 	 701.7
4.5226E-02 	 3489.0 	 4.3849E+07 	 1128.7 	 701.6
4.5231E-02 	 3488.9 	 4.3839E+07 	 1128.7 	 701.5
4.5235E-02 	 3488.8 	 4.3829E+07 	 1128.6 	 701.4
4.5240E-02 	 3488.8 	 4.3819E+07 	 1128.6 	 701.3
4.5244E-02 	 3488.7 	 4.3809E+07 	 1128.6 	 701.2
4.5249E-02 	 3488.6 	 4.3799E+07 	 1128.6 	 701.1
4.5253E-02 	 3488.6 	 4.3789E+07 	 1128.5 	 701.0
4.5258E-02 	 3488.5 	 4.3779E+07 	 1128.5 	 700.9
4.5262E-02 	 3488.4 	 4.3769E+07 	 1128.5 	 700.8
4.5267E-02 	 3488.4 	 4.3759E+07 	 1128.5 	 700.7
4.5271E-02 	 3488.3 	 4.3749E+07 	 1128.5 	 700.6
4.5276E-02 	 3488.2 	 4.3739E+07 	 1128.4 	 700.5
4.5281E-02 	 3488.2 	 4.3729E+07 	 1128.4 	 700.4
4.5285E-02 	 3488.1 	 4.3719E+07 	 1128.4 	 700.3
4.5290E-02 	 3488.0 	 4.3709E+07 	 1128.4 	 700.2
4.5294E-02 	 3487.9 	 4.3699E+07 	 1128.3 	 700.0
4.5299E-02 	 3487.9 	 4.3689E+07 	 1128.3 	 699.9
4.5303E-02 	 3487.8 	 4.3679E+07 	 1128.3 	 699.8
4.5308E-02 	 3487.7 	 4.3670E+07 	 1128.3 	 699.7
4.5312E-02 	 3487.7 	 4.3660E+07 	 1128.3 	 699.6
4.5317E-02 	 3487.6 	 4.3650E+07 	 1128.2 	 699.5
4.5321E-02 	 3487.5 	 4.3640E+07 	 1128.2 	 699.4
4.5326E-02 	 3487.5 	 4.3630E+07 	 1128.2 	 699.3
4.5330E-02 	 3487.4 	 4.3620E+07 	 1128.2 	 699.2
4.5335E-02 	 3487.3 	 4.3610E+07 	 1128.1 	 699.1
4.5339E-02 	 3487.3 	 4.3600E+07 	 1128.1 	 699.0
4.5344E-02 	 3487.2 	 4.3590E+07 	 1128.1 	 698.9
4.5349E-02 	 3487.1 	 4.3580E+07 	 1128.1 	 698.8
4.5353E-02 	 3487.1 	 4.3570E+07 	 1128.1 	 698.7
4.5358E-02 	 3487.0 	 4.3560E+07 	 1128.0 	 698.6
4.5362E-02 	 3486.9 	 4.3551E+07 	 1128.0 	 698.5
4.5367E-02 	 3486.8 	 4.3541E+07 	 1128.0 	 698.4
4.5371E-02 	 3486.8 	 4.3531E+07 	 1128.0 	 698.3
4.5376E-02 	 3486.7 	 4.3521E+07 	 1127.9 	 698.2
4.5380E-02 	 3486.6 	 4.3511E+07 	 1127.9 	 698.1
4.5385E-02 	 3486.6 	 4.3501E+07 	 1127.9 	 697.9
4.5389E-02 	 3486.5 	 4.3491E+07 	 1127.9 	 697.8
4.5394E-02 	 3486.4 	 4.3481E+07 	 1127.8 	 697.7
4.5398E-02 	 3486.4 	 4.3471E+07 	 1127.8 	 697.6
4.5403E-02 	 3486.3 	 4.3461E+07 	 1127.8 	 697.5
4.5407E-02 	 3486.2 	 4.3452E+07 	 1127.8 	 697.4
4.5412E-02 	 3486.2 	 4.3442E+07 	 1127.8 	 697.3
4.5417E-02 	 3486.1 	 4.3432E+07 	 1127.7 	 697.2
4.5421E-02 	 3486.0 	 4.3422E+07 	 1127.7 	 697.1
4.5426E-02 	 3486.0 	 4.3412E+07 	 1127.7 	 697.0
4.5430E-02 	 3485.9 	 4.3402E+07 	 1127.7 	 696.9
4.5435E-02 	 3485.8 	 4.3392E+07 	 1127.6 	 696.8
4.5439E-02 	 3485.7 	 4.3382E+07 	 1127.6 	 696.7
4.5444E-02 	 3485.7 	 4.3373E+07 	 1127.6 	 696.6
4.5448E-02 	 3485.6 	 4.3363E+07 	 1127.6 	 696.5
4.5453E-02 	 3485.5 	 4.3353E+07 	 1127.6 	 696.4
4.5457E-02 	 3485.5 	 4.3343E+07 	 1127.5 	 696.3
4.5462E-02 	 3485.4 	 4.3333E+07 	 1127.5 	 696.2
4.5467E-02 	 3485.3 	 4.3323E+07 	 1127.5 	 696.1
4.5471E-02 	 3485.3 	 4.3313E+07 	 1127.5 	 696.0
4.5476E-02 	 3485.2 	 4.3304E+07 	 1127.4 	 695.8
4.5480E-02 	 3485.1 	 4.3294E+07 	 1127.4 	 695.7
4.5485E-02 	 3485.1 	 4.3284E+07 	 1127.4 	 695.6
4.5489E-02 	 3485.0 	 4.3274E+07 	 1127.4 	 695.5
4.5494E-02 	 3484.9 	 4.3264E+07 	 1127.4 	 695.4
4.5498E-02 	 3484.9 	 4.3254E+07 	 1127.3 	 695.3
4.5503E-02 	 3484.8 	 4.3244E+07 	 1127.3 	 695.2
4.5507E-02 	 3484.7 	 4.3235E+07 	 1127.3 	 695.1
4.5512E-02 	 3484.6 	 4.3225E+07 	 1127.3 	 695.0
4.5517E-02 	 3484.6 	 4.3215E+07 	 1127.2 	 694.9
4.5521E-02 	 3484.5 	 4.3205E+07 	 1127.2 	 694.8
4.5526E-02 	 3484.4 	 4.3195E+07 	 1127.2 	 694.7
4.5530E-02 	 3484.4 	 4.3185E+07 	 1127.2 	 694.6
4.5535E-02 	 3484.3 	 4.3176E+07 	 1127.2 	 694.5
4.5539E-02 	 3484.2 	 4.3166E+07 	 1127.1 	 694.4
4.5544E-02 	 3484.2 	 4.3156E+07 	 1127.1 	 694.3
4.5548E-02 	 3484.1 	 4.3146E+07 	 1127.1 	 694.2
4.5553E-02 	 3484.0 	 4.3136E+07 	 1127.1 	 694.1
4.5558E-02 	 3484.0 	 4.3127E+07 	 1127.0 	 694.0
4.5562E-02 	 3483.9 	 4.3117E+07 	 1127.0 	 693.9
4.5567E-02 	 3483.8 	 4.3107E+07 	 1127.0 	 693.7
4.5571E-02 	 3483.8 	 4.3097E+07 	 1127.0 	 693.6
4.5576E-02 	 3483.7 	 4.3087E+07 	 1127.0 	 693.5
4.5580E-02 	 3483.6 	 4.3077E+07 	 1126.9 	 693.4
4.5585E-02 	 3483.5 	 4.3068E+07 	 1126.9 	 693.3
4.5589E-02 	 3483.5 	 4.3058E+07 	 1126.9 	 693.2
4.5594E-02 	 3483.4 	 4.3048E+07 	 1126.9 	 693.1
4.5599E-02 	 3483.3 	 4.3038E+07 	 1126.8 	 693.0
4.5603E-02 	 3483.3 	 4.3028E+07 	 1126.8 	 692.9
4.5608E-02 	 3483.2 	 4.3019E+07 	 1126.8 	 692.8
4.5612E-02 	 3483.1 	 4.3009E+07 	 1126.8 	 692.7
4.5617E-02 	 3483.1 	 4.2999E+07 	 1126.8 	 692.6
4.5621E-02 	 3483.0 	 4.2989E+07 	 1126.7 	 692.5
4.5626E-02 	 3482.9 	 4.2980E+07 	 1126.7 	 692.4
4.5631E-02 	 3482.9 	 4.2970E+07 	 1126.7 	 692.3
4.5635E-02 	 3482.8 	 4.2960E+07 	 1126.7 	 692.2
4.5640E-02 	 3482.7 	 4.2950E+07 	 1126.6 	 692.1
4.5644E-02 	 3482.7 	 4.2940E+07 	 1126.6 	 692.0
4.5649E-02 	 3482.6 	 4.2931E+07 	 1126.6 	 691.9
4.5653E-02 	 3482.5 	 4.2921E+07 	 1126.6 	 691.8
4.5658E-02 	 3482.5 	 4.2911E+07 	 1126.5 	 691.7
4.5662E-02 	 3482.4 	 4.2901E+07 	 1126.5 	 691.5
4.5667E-02 	 3482.3 	 4.2892E+07 	 1126.5 	 691.4
4.5672E-02 	 3482.2 	 4.2882E+07 	 1126.5 	 691.3
4.5676E-02 	 3482.2 	 4.2872E+07 	 1126.5 	 691.2
4.5681E-02 	 3482.1 	 4.2862E+07 	 1126.4 	 691.1
4.5685E-02 	 3482.0 	 4.2853E+07 	 1126.4 	 691.0
4.5690E-02 	 3482.0 	 4.2843E+07 	 1126.4 	 690.9
4.5694E-02 	 3481.9 	 4.2833E+07 	 1126.4 	 690.8
4.5699E-02 	 3481.8 	 4.2823E+07 	 1126.3 	 690.7
4.5704E-02 	 3481.8 	 4.2814E+07 	 1126.3 	 690.6
4.5708E-02 	 3481.7 	 4.2804E+07 	 1126.3 	 690.5
4.5713E-02 	 3481.6 	 4.2794E+07 	 1126.3 	 690.4
4.5717E-02 	 3481.6 	 4.2784E+07 	 1126.3 	 690.3
4.5722E-02 	 3481.5 	 4.2775E+07 	 1126.2 	 690.2
4.5726E-02 	 3481.4 	 4.2765E+07 	 1126.2 	 690.1
4.5731E-02 	 3481.4 	 4.2755E+07 	 1126.2 	 690.0
4.5736E-02 	 3481.3 	 4.2745E+07 	 1126.2 	 689.9
4.5740E-02 	 3481.2 	 4.2736E+07 	 1126.1 	 689.8
4.5745E-02 	 3481.1 	 4.2726E+07 	 1126.1 	 689.7
4.5749E-02 	 3481.1 	 4.2716E+07 	 1126.1 	 689.6
4.5754E-02 	 3481.0 	 4.2706E+07 	 1126.1 	 689.4
4.5758E-02 	 3480.9 	 4.2697E+07 	 1126.1 	 689.3
4.5763E-02 	 3480.9 	 4.2687E+07 	 1126.0 	 689.2
4.5768E-02 	 3480.8 	 4.2677E+07 	 1126.0 	 689.1
4.5772E-02 	 3480.7 	 4.2668E+07 	 1126.0 	 689.0
4.5777E-02 	 3480.7 	 4.2658E+07 	 1126.0 	 688.9
4.5781E-02 	 3480.6 	 4.2648E+07 	 1125.9 	 688.8
4.5786E-02 	 3480.5 	 4.2638E+07 	 1125.9 	 688.7
4.5791E-02 	 3480.5 	 4.2629E+07 	 1125.9 	 688.6
4.5795E-02 	 3480.4 	 4.2619E+07 	 1125.9 	 688.5
4.5800E-02 	 3480.3 	 4.2609E+07 	 1125.9 	 688.4
4.5804E-02 	 3480.3 	 4.2600E+07 	 1125.8 	 688.3
4.5809E-02 	 3480.2 	 4.2590E+07 	 1125.8 	 688.2
4.5813E-02 	 3480.1 	 4.2580E+07 	 1125.8 	 688.1
4.5818E-02 	 3480.0 	 4.2571E+07 	 1125.8 	 688.0
4.5823E-02 	 3480.0 	 4.2561E+07 	 1125.7 	 687.9
4.5827E-02 	 3479.9 	 4.2551E+07 	 1125.7 	 687.8
4.5832E-02 	 3479.8 	 4.2541E+07 	 1125.7 	 687.7
4.5836E-02 	 3479.8 	 4.2532E+07 	 1125.7 	 687.6
4.5841E-02 	 3479.7 	 4.2522E+07 	 1125.7 	 687.5
4.5845E-02 	 3479.6 	 4.2512E+07 	 1125.6 	 687.4
4.5850E-02 	 3479.6 	 4.2503E+07 	 1125.6 	 687.2
4.5855E-02 	 3479.5 	 4.2493E+07 	 1125.6 	 687.1
4.5859E-02 	 3479.4 	 4.2483E+07 	 1125.6 	 687.0
4.5864E-02 	 3479.4 	 4.2474E+07 	 1125.5 	 686.9
4.5868E-02 	 3479.3 	 4.2464E+07 	 1125.5 	 686.8
4.5873E-02 	 3479.2 	 4.2454E+07 	 1125.5 	 686.7
4.5878E-02 	 3479.2 	 4.2445E+07 	 1125.5 	 686.6
4.5882E-02 	 3479.1 	 4.2435E+07 	 1125.5 	 686.5
4.5887E-02 	 3479.0 	 4.2425E+07 	 1125.4 	 686.4
4.5891E-02 	 3479.0 	 4.2416E+07 	 1125.4 	 686.3
4.5896E-02 	 3478.9 	 4.2406E+07 	 1125.4 	 686.2
4.5901E-02 	 3478.8 	 4.2396E+07 	 1125.4 	 686.1
4.5905E-02 	 3478.7 	 4.2387E+07 	 1125.3 	 686.0
4.5910E-02 	 3478.7 	 4.2377E+07 	 1125.3 	 685.9
4.5914E-02 	 3478.6 	 4.2367E+07 	 1125.3 	 685.8
4.5919E-02 	 3478.5 	 4.2358E+07 	 1125.3 	 685.7
4.5923E-02 	 3478.5 	 4.2348E+07 	 1125.2 	 685.6
4.5928E-02 	 3478.4 	 4.2338E+07 	 1125.2 	 685.5
4.5933E-02 	 3478.3 	 4.2329E+07 	 1125.2 	 685.4
4.5937E-02 	 3478.3 	 4.2319E+07 	 1125.2 	 685.3
4.5942E-02 	 3478.2 	 4.2310E+07 	 1125.2 	 685.1
4.5946E-02 	 3478.1 	 4.2300E+07 	 1125.1 	 685.0
4.5951E-02 	 3478.1 	 4.2290E+07 	 1125.1 	 684.9
4.5956E-02 	 3478.0 	 4.2281E+07 	 1125.1 	 684.8
4.5960E-02 	 3477.9 	 4.2271E+07 	 1125.1 	 684.7
4.5965E-02 	 3477.9 	 4.2261E+07 	 1125.0 	 684.6
4.5969E-02 	 3477.8 	 4.2252E+07 	 1125.0 	 684.5
4.5974E-02 	 3477.7 	 4.2242E+07 	 1125.0 	 684.4
4.5979E-02 	 3477.6 	 4.2233E+07 	 1125.0 	 684.3
4.5983E-02 	 3477.6 	 4.2223E+07 	 1125.0 	 684.2
4.5988E-02 	 3477.5 	 4.2213E+07 	 1124.9 	 684.1
4.5992E-02 	 3477.4 	 4.2204E+07 	 1124.9 	 684.0
4.5997E-02 	 3477.4 	 4.2194E+07 	 1124.9 	 683.9
4.6002E-02 	 3477.3 	 4.2184E+07 	 1124.9 	 683.8
4.6006E-02 	 3477.2 	 4.2175E+07 	 1124.8 	 683.7
4.6011E-02 	 3477.2 	 4.2165E+07 	 1124.8 	 683.6
4.6015E-02 	 3477.1 	 4.2156E+07 	 1124.8 	 683.5
4.6020E-02 	 3477.0 	 4.2146E+07 	 1124.8 	 683.4
4.6025E-02 	 3477.0 	 4.2136E+07 	 1124.8 	 683.3
4.6029E-02 	 3476.9 	 4.2127E+07 	 1124.7 	 683.2
4.6034E-02 	 3476.8 	 4.2117E+07 	 1124.7 	 683.1
4.6038E-02 	 3476.8 	 4.2108E+07 	 1124.7 	 682.9
4.6043E-02 	 3476.7 	 4.2098E+07 	 1124.7 	 682.8
4.6048E-02 	 3476.6 	 4.2088E+07 	 1124.6 	 682.7
4.6052E-02 	 3476.5 	 4.2079E+07 	 1124.6 	 682.6
4.6057E-02 	 3476.5 	 4.2069E+07 	 1124.6 	 682.5
4.6061E-02 	 3476.4 	 4.2060E+07 	 1124.6 	 682.4
4.6066E-02 	 3476.3 	 4.2050E+07 	 1124.6 	 682.3
4.6071E-02 	 3476.3 	 4.2041E+07 	 1124.5 	 682.2
4.6075E-02 	 3476.2 	 4.2031E+07 	 1124.5 	 682.1
4.6080E-02 	 3476.1 	 4.2021E+07 	 1124.5 	 682.0
4.6084E-02 	 3476.1 	 4.2012E+07 	 1124.5 	 681.9
4.6089E-02 	 3476.0 	 4.2002E+07 	 1124.4 	 681.8
4.6094E-02 	 3475.9 	 4.1993E+07 	 1124.4 	 681.7
4.6098E-02 	 3475.9 	 4.1983E+07 	 1124.4 	 681.6
4.6103E-02 	 3475.8 	 4.1974E+07 	 1124.4 	 681.5
4.6108E-02 	 3475.7 	 4.1964E+07 	 1124.4 	 681.4
4.6112E-02 	 3475.7 	 4.1954E+07 	 1124.3 	 681.3
4.6117E-02 	 3475.6 	 4.1945E+07 	 1124.3 	 681.2
4.6121E-02 	 3475.5 	 4.1935E+07 	 1124.3 	 681.1
4.6126E-02 	 3475.5 	 4.1926E+07 	 1124.3 	 681.0
4.6131E-02 	 3475.4 	 4.1916E+07 	 1124.2 	 680.9
4.6135E-02 	 3475.3 	 4.1907E+07 	 1124.2 	 680.7
4.6140E-02 	 3475.2 	 4.1897E+07 	 1124.2 	 680.6
4.6144E-02 	 3475.2 	 4.1888E+07 	 1124.2 	 680.5
4.6149E-02 	 3475.1 	 4.1878E+07 	 1124.2 	 680.4
4.6154E-02 	 3475.0 	 4.1868E+07 	 1124.1 	 680.3
4.6158E-02 	 3475.0 	 4.1859E+07 	 1124.1 	 680.2
4.6163E-02 	 3474.9 	 4.1849E+07 	 1124.1 	 680.1
4.6168E-02 	 3474.8 	 4.1840E+07 	 1124.1 	 680.0
4.6172E-02 	 3474.8 	 4.1830E+07 	 1124.0 	 679.9
4.6177E-02 	 3474.7 	 4.1821E+07 	 1124.0 	 679.8
4.6181E-02 	 3474.6 	 4.1811E+07 	 1124.0 	 679.7
4.6186E-02 	 3474.6 	 4.1802E+07 	 1124.0 	 679.6
4.6191E-02 	 3474.5 	 4.1792E+07 	 1124.0 	 679.5
4.6195E-02 	 3474.4 	 4.1783E+07 	 1123.9 	 679.4
4.6200E-02 	 3474.4 	 4.1773E+07 	 1123.9 	 679.3
4.6204E-02 	 3474.3 	 4.1764E+07 	 1123.9 	 679.2
4.6209E-02 	 3474.2 	 4.1754E+07 	 1123.9 	 679.1
4.6214E-02 	 3474.1 	 4.1745E+07 	 1123.8 	 679.0
4.6218E-02 	 3474.1 	 4.1735E+07 	 1123.8 	 678.9
4.6223E-02 	 3474.0 	 4.1726E+07 	 1123.8 	 678.8
4.6228E-02 	 3473.9 	 4.1716E+07 	 1123.8 	 678.6
4.6232E-02 	 3473.9 	 4.1707E+07 	 1123.7 	 678.5
4.6237E-02 	 3473.8 	 4.1697E+07 	 1123.7 	 678.4
4.6241E-02 	 3473.7 	 4.1688E+07 	 1123.7 	 678.3
4.6246E-02 	 3473.7 	 4.1678E+07 	 1123.7 	 678.2
4.6251E-02 	 3473.6 	 4.1669E+07 	 1123.7 	 678.1
4.6255E-02 	 3473.5 	 4.1659E+07 	 1123.6 	 678.0
4.6260E-02 	 3473.5 	 4.1650E+07 	 1123.6 	 677.9
4.6265E-02 	 3473.4 	 4.1640E+07 	 1123.6 	 677.8
4.6269E-02 	 3473.3 	 4.1631E+07 	 1123.6 	 677.7
4.6274E-02 	 3473.3 	 4.1621E+07 	 1123.5 	 677.6
4.6278E-02 	 3473.2 	 4.1612E+07 	 1123.5 	 677.5
4.6283E-02 	 3473.1 	 4.1602E+07 	 1123.5 	 677.4
4.6288E-02 	 3473.1 	 4.1593E+07 	 1123.5 	 677.3
4.6292E-02 	 3473.0 	 4.1583E+07 	 1123.5 	 677.2
4.6297E-02 	 3472.9 	 4.1574E+07 	 1123.4 	 677.1
4.6302E-02 	 3472.8 	 4.1564E+07 	 1123.4 	 677.0
4.6306E-02 	 3472.8 	 4.1555E+07 	 1123.4 	 676.9
4.6311E-02 	 3472.7 	 4.1545E+07 	 1123.4 	 676.8
4.6315E-02 	 3472.6 	 4.1536E+07 	 1123.3 	 676.7
4.6320E-02 	 3472.6 	 4.1526E+07 	 1123.3 	 676.6
4.6325E-02 	 3472.5 	 4.1517E+07 	 1123.3 	 676.4
4.6329E-02 	 3472.4 	 4.1507E+07 	 1123.3 	 676.3
4.6334E-02 	 3472.4 	 4.1498E+07 	 1123.3 	 676.2
4.6339E-02 	 3472.3 	 4.1488E+07 	 1123.2 	 676.1
4.6343E-02 	 3472.2 	 4.1479E+07 	 1123.2 	 676.0
4.6348E-02 	 3472.2 	 4.1470E+07 	 1123.2 	 675.9
4.6353E-02 	 3472.1 	 4.1460E+07 	 1123.2 	 675.8
4.6357E-02 	 3472.0 	 4.1451E+07 	 1123.1 	 675.7
4.6362E-02 	 3472.0 	 4.1441E+07 	 1123.1 	 675.6
4.6366E-02 	 3471.9 	 4.1432E+07 	 1123.1 	 675.5
4.6371E-02 	 3471.8 	 4.1422E+07 	 1123.1 	 675.4
4.6376E-02 	 3471.7 	 4.1413E+07 	 1123.1 	 675.3
4.6380E-02 	 3471.7 	 4.1403E+07 	 1123.0 	 675.2
4.6385E-02 	 3471.6 	 4.1394E+07 	 1123.0 	 675.1
4.6390E-02 	 3471.5 	 4.1385E+07 	 1123.0 	 675.0
4.6394E-02 	 3471.5 	 4.1375E+07 	 1123.0 	 674.9
4.6399E-02 	 3471.4 	 4.1366E+07 	 1122.9 	 674.8
4.6404E-02 	 3471.3 	 4.1356E+07 	 1122.9 	 674.7
4.6408E-02 	 3471.3 	 4.1347E+07 	 1122.9 	 674.6
4.6413E-02 	 3471.2 	 4.1337E+07 	 1122.9 	 674.5
4.6417E-02 	 3471.1 	 4.1328E+07 	 1122.9 	 674.4
4.6422E-02 	 3471.1 	 4.1319E+07 	 1122.8 	 674.3
4.6427E-02 	 3471.0 	 4.1309E+07 	 1122.8 	 674.1
4.6431E-02 	 3470.9 	 4.1300E+07 	 1122.8 	 674.0
4.6436E-02 	 3470.9 	 4.1290E+07 	 1122.8 	 673.9
4.6441E-02 	 3470.8 	 4.1281E+07 	 1122.7 	 673.8
4.6445E-02 	 3470.7 	 4.1271E+07 	 1122.7 	 673.7
4.6450E-02 	 3470.7 	 4.1262E+07 	 1122.7 	 673.6
4.6455E-02 	 3470.6 	 4.1253E+07 	 1122.7 	 673.5
4.6459E-02 	 3470.5 	 4.1243E+07 	 1122.7 	 673.4
4.6464E-02 	 3470.4 	 4.1234E+07 	 1122.6 	 673.3
4.6469E-02 	 3470.4 	 4.1224E+07 	 1122.6 	 673.2
4.6473E-02 	 3470.3 	 4.1215E+07 	 1122.6 	 673.1
4.6478E-02 	 3470.2 	 4.1206E+07 	 1122.6 	 673.0
4.6483E-02 	 3470.2 	 4.1196E+07 	 1122.5 	 672.9
4.6487E-02 	 3470.1 	 4.1187E+07 	 1122.5 	 672.8
4.6492E-02 	 3470.0 	 4.1177E+07 	 1122.5 	 672.7
4.6496E-02 	 3470.0 	 4.1168E+07 	 1122.5 	 672.6
4.6501E-02 	 3469.9 	 4.1159E+07 	 1122.5 	 672.5
4.6506E-02 	 3469.8 	 4.1149E+07 	 1122.4 	 672.4
4.6510E-02 	 3469.8 	 4.1140E+07 	 1122.4 	 672.3
4.6515E-02 	 3469.7 	 4.1131E+07 	 1122.4 	 672.2
4.6520E-02 	 3469.6 	 4.1121E+07 	 1122.4 	 672.1
4.6524E-02 	 3469.6 	 4.1112E+07 	 1122.3 	 671.9
4.6529E-02 	 3469.5 	 4.1102E+07 	 1122.3 	 671.8
4.6534E-02 	 3469.4 	 4.1093E+07 	 1122.3 	 671.7
4.6538E-02 	 3469.3 	 4.1084E+07 	 1122.3 	 671.6
4.6543E-02 	 3469.3 	 4.1074E+07 	 1122.3 	 671.5
4.6548E-02 	 3469.2 	 4.1065E+07 	 1122.2 	 671.4
4.6552E-02 	 3469.1 	 4.1056E+07 	 1122.2 	 671.3
4.6557E-02 	 3469.1 	 4.1046E+07 	 1122.2 	 671.2
4.6562E-02 	 3469.0 	 4.1037E+07 	 1122.2 	 671.1
4.6566E-02 	 3468.9 	 4.1027E+07 	 1122.1 	 671.0
4.6571E-02 	 3468.9 	 4.1018E+07 	 1122.1 	 670.9
4.6576E-02 	 3468.8 	 4.1009E+07 	 1122.1 	 670.8
4.6580E-02 	 3468.7 	 4.0999E+07 	 1122.1 	 670.7
4.6585E-02 	 3468.7 	 4.0990E+07 	 1122.1 	 670.6
4.6590E-02 	 3468.6 	 4.0981E+07 	 1122.0 	 670.5
4.6594E-02 	 3468.5 	 4.0971E+07 	 1122.0 	 670.4
4.6599E-02 	 3468.5 	 4.0962E+07 	 1122.0 	 670.3
4.6604E-02 	 3468.4 	 4.0953E+07 	 1122.0 	 670.2
4.6608E-02 	 3468.3 	 4.0943E+07 	 1121.9 	 670.1
4.6613E-02 	 3468.3 	 4.0934E+07 	 1121.9 	 670.0
4.6617E-02 	 3468.2 	 4.0925E+07 	 1121.9 	 669.9
4.6622E-02 	 3468.1 	 4.0915E+07 	 1121.9 	 669.7
4.6627E-02 	 3468.0 	 4.0906E+07 	 1121.8 	 669.6
4.6631E-02 	 3468.0 	 4.0897E+07 	 1121.8 	 669.5
4.6636E-02 	 3467.9 	 4.0887E+07 	 1121.8 	 669.4
4.6641E-02 	 3467.8 	 4.0878E+07 	 1121.8 	 669.3
4.6645E-02 	 3467.8 	 4.0869E+07 	 1121.8 	 669.2
4.6650E-02 	 3467.7 	 4.0859E+07 	 1121.7 	 669.1
4.6655E-02 	 3467.6 	 4.0850E+07 	 1121.7 	 669.0
4.6659E-02 	 3467.6 	 4.0841E+07 	 1121.7 	 668.9
4.6664E-02 	 3467.5 	 4.0831E+07 	 1121.7 	 668.8
4.6669E-02 	 3467.4 	 4.0822E+07 	 1121.6 	 668.7
4.6673E-02 	 3467.4 	 4.0813E+07 	 1121.6 	 668.6
4.6678E-02 	 3467.3 	 4.0803E+07 	 1121.6 	 668.5
4.6683E-02 	 3467.2 	 4.0794E+07 	 1121.6 	 668.4
4.6687E-02 	 3467.2 	 4.0785E+07 	 1121.6 	 668.3
4.6692E-02 	 3467.1 	 4.0776E+07 	 1121.5 	 668.2
4.6697E-02 	 3467.0 	 4.0766E+07 	 1121.5 	 668.1
4.6701E-02 	 3467.0 	 4.0757E+07 	 1121.5 	 668.0
4.6706E-02 	 3466.9 	 4.0748E+07 	 1121.5 	 667.9
4.6711E-02 	 3466.8 	 4.0738E+07 	 1121.4 	 667.8
4.6715E-02 	 3466.7 	 4.0729E+07 	 1121.4 	 667.7
4.6720E-02 	 3466.7 	 4.0720E+07 	 1121.4 	 667.5
4.6725E-02 	 3466.6 	 4.0710E+07 	 1121.4 	 667.4
4.6730E-02 	 3466.5 	 4.0701E+07 	 1121.4 	 667.3
4.6734E-02 	 3466.5 	 4.0692E+07 	 1121.3 	 667.2
4.6739E-02 	 3466.4 	 4.0683E+07 	 1121.3 	 667.1
4.6744E-02 	 3466.3 	 4.0673E+07 	 1121.3 	 667.0
4.6748E-02 	 3466.3 	 4.0664E+07 	 1121.3 	 666.9
4.6753E-02 	 3466.2 	 4.0655E+07 	 1121.2 	 666.8
4.6758E-02 	 3466.1 	 4.0646E+07 	 1121.2 	 666.7
4.6762E-02 	 3466.1 	 4.0636E+07 	 1121.2 	 666.6
4.6767E-02 	 3466.0 	 4.0627E+07 	 1121.2 	 666.5
4.6772E-02 	 3465.9 	 4.0618E+07 	 1121.2 	 666.4
4.6776E-02 	 3465.9 	 4.0608E+07 	 1121.1 	 666.3
4.6781E-02 	 3465.8 	 4.0599E+07 	 1121.1 	 666.2
4.6786E-02 	 3465.7 	 4.0590E+07 	 1121.1 	 666.1
4.6790E-02 	 3465.6 	 4.0581E+07 	 1121.1 	 666.0
4.6795E-02 	 3465.6 	 4.0571E+07 	 1121.0 	 665.9
4.6800E-02 	 3465.5 	 4.0562E+07 	 1121.0 	 665.8
4.6804E-02 	 3465.4 	 4.0553E+07 	 1121.0 	 665.7
4.6809E-02 	 3465.4 	 4.0544E+07 	 1121.0 	 665.6
4.6814E-02 	 3465.3 	 4.0534E+07 	 1121.0 	 665.5
4.6818E-02 	 3465.2 	 4.0525E+07 	 1120.9 	 665.4
4.6823E-02 	 3465.2 	 4.0516E+07 	 1120.9 	 665.2
4.6828E-02 	 3465.1 	 4.0507E+07 	 1120.9 	 665.1
4.6832E-02 	 3465.0 	 4.0497E+07 	 1120.9 	 665.0
4.6837E-02 	 3465.0 	 4.0488E+07 	 1120.8 	 664.9
4.6842E-02 	 3464.9 	 4.0479E+07 	 1120.8 	 664.8
4.6846E-02 	 3464.8 	 4.0470E+07 	 1120.8 	 664.7
4.6851E-02 	 3464.8 	 4.0460E+07 	 1120.8 	 664.6
4.6856E-02 	 3464.7 	 4.0451E+07 	 1120.8 	 664.5
4.6861E-02 	 3464.6 	 4.0442E+07 	 1120.7 	 664.4
4.6865E-02 	 3464.6 	 4.0433E+07 	 1120.7 	 664.3
4.6870E-02 	 3464.5 	 4.0424E+07 	 1120.7 	 664.2
4.6875E-02 	 3464.4 	 4.0414E+07 	 1120.7 	 664.1
4.6879E-02 	 3464.3 	 4.0405E+07 	 1120.6 	 664.0
4.6884E-02 	 3464.3 	 4.0396E+07 	 1120.6 	 663.9
4.6889E-02 	 3464.2 	 4.0387E+07 	 1120.6 	 663.8
4.6893E-02 	 3464.1 	 4.0377E+07 	 1120.6 	 663.7
4.6898E-02 	 3464.1 	 4.0368E+07 	 1120.6 	 663.6
4.6903E-02 	 3464.0 	 4.0359E+07 	 1120.5 	 663.5
4.6907E-02 	 3463.9 	 4.0350E+07 	 1120.5 	 663.4
4.6912E-02 	 3463.9 	 4.0341E+07 	 1120.5 	 663.3
4.6917E-02 	 3463.8 	 4.0331E+07 	 1120.5 	 663.2
4.6921E-02 	 3463.7 	 4.0322E+07 	 1120.4 	 663.1
4.6926E-02 	 3463.7 	 4.0313E+07 	 1120.4 	 662.9
4.6931E-02 	 3463.6 	 4.0304E+07 	 1120.4 	 662.8
4.6936E-02 	 3463.5 	 4.0295E+07 	 1120.4 	 662.7
4.6940E-02 	 3463.5 	 4.0285E+07 	 1120.4 	 662.6
4.6945E-02 	 3463.4 	 4.0276E+07 	 1120.3 	 662.5
4.6950E-02 	 3463.3 	 4.0267E+07 	 1120.3 	 662.4
4.6954E-02 	 3463.3 	 4.0258E+07 	 1120.3 	 662.3
4.6959E-02 	 3463.2 	 4.0249E+07 	 1120.3 	 662.2
4.6964E-02 	 3463.1 	 4.0239E+07 	 1120.2 	 662.1
4.6968E-02 	 3463.0 	 4.0230E+07 	 1120.2 	 662.0
4.6973E-02 	 3463.0 	 4.0221E+07 	 1120.2 	 661.9
4.6978E-02 	 3462.9 	 4.0212E+07 	 1120.2 	 661.8
4.6983E-02 	 3462.8 	 4.0203E+07 	 1120.2 	 661.7
4.6987E-02 	 3462.8 	 4.0193E+07 	 1120.1 	 661.6
4.6992E-02 	 3462.7 	 4.0184E+07 	 1120.1 	 661.5
4.6997E-02 	 3462.6 	 4.0175E+07 	 1120.1 	 661.4
4.7001E-02 	 3462.6 	 4.0166E+07 	 1120.1 	 661.3
4.7006E-02 	 3462.5 	 4.0157E+07 	 1120.0 	 661.2
4.7011E-02 	 3462.4 	 4.0148E+07 	 1120.0 	 661.1
4.7015E-02 	 3462.4 	 4.0138E+07 	 1120.0 	 661.0
4.7020E-02 	 3462.3 	 4.0129E+07 	 1120.0 	 660.9
4.7025E-02 	 3462.2 	 4.0120E+07 	 1120.0 	 660.7
4.7030E-02 	 3462.2 	 4.0111E+07 	 1119.9 	 660.6
4.7034E-02 	 3462.1 	 4.0102E+07 	 1119.9 	 660.5
4.7039E-02 	 3462.0 	 4.0093E+07 	 1119.9 	 660.4
4.7044E-02 	 3461.9 	 4.0084E+07 	 1119.9 	 660.3
4.7048E-02 	 3461.9 	 4.0074E+07 	 1119.8 	 660.2
4.7053E-02 	 3461.8 	 4.0065E+07 	 1119.8 	 660.1
4.7058E-02 	 3461.7 	 4.0056E+07 	 1119.8 	 660.0
4.7062E-02 	 3461.7 	 4.0047E+07 	 1119.8 	 659.9
4.7067E-02 	 3461.6 	 4.0038E+07 	 1119.7 	 659.8
4.7072E-02 	 3461.5 	 4.0029E+07 	 1119.7 	 659.7
4.7077E-02 	 3461.5 	 4.0019E+07 	 1119.7 	 659.6
4.7081E-02 	 3461.4 	 4.0010E+07 	 1119.7 	 659.5
4.7086E-02 	 3461.3 	 4.0001E+07 	 1119.7 	 659.4
4.7091E-02 	 3461.3 	 3.9992E+07 	 1119.6 	 659.3
4.7095E-02 	 3461.2 	 3.9983E+07 	 1119.6 	 659.2
4.7100E-02 	 3461.1 	 3.9974E+07 	 1119.6 	 659.1
4.7105E-02 	 3461.1 	 3.9965E+07 	 1119.6 	 659.0
4.7110E-02 	 3461.0 	 3.9956E+07 	 1119.5 	 658.9
4.7114E-02 	 3460.9 	 3.9946E+07 	 1119.5 	 658.8
4.7119E-02 	 3460.9 	 3.9937E+07 	 1119.5 	 658.7
4.7124E-02 	 3460.8 	 3.9928E+07 	 1119.5 	 658.6
4.7128E-02 	 3460.7 	 3.9919E+07 	 1119.5 	 658.4
4.7133E-02 	 3460.6 	 3.9910E+07 	 1119.4 	 658.3
4.7138E-02 	 3460.6 	 3.9901E+07 	 1119.4 	 658.2
4.7143E-02 	 3460.5 	 3.9892E+07 	 1119.4 	 658.1
4.7147E-02 	 3460.4 	 3.9883E+07 	 1119.4 	 658.0
4.7152E-02 	 3460.4 	 3.9874E+07 	 1119.3 	 657.9
4.7157E-02 	 3460.3 	 3.9864E+07 	 1119.3 	 657.8
4.7161E-02 	 3460.2 	 3.9855E+07 	 1119.3 	 657.7
4.7166E-02 	 3460.2 	 3.9846E+07 	 1119.3 	 657.6
4.7171E-02 	 3460.1 	 3.9837E+07 	 1119.3 	 657.5
4.7176E-02 	 3460.0 	 3.9828E+07 	 1119.2 	 657.4
4.7180E-02 	 3460.0 	 3.9819E+07 	 1119.2 	 657.3
4.7185E-02 	 3459.9 	 3.9810E+07 	 1119.2 	 657.2
4.7190E-02 	 3459.8 	 3.9801E+07 	 1119.2 	 657.1
4.7194E-02 	 3459.8 	 3.9792E+07 	 1119.1 	 657.0
4.7199E-02 	 3459.7 	 3.9783E+07 	 1119.1 	 656.9
4.7204E-02 	 3459.6 	 3.9773E+07 	 1119.1 	 656.8
4.7209E-02 	 3459.6 	 3.9764E+07 	 1119.1 	 656.7
4.7213E-02 	 3459.5 	 3.9755E+07 	 1119.1 	 656.6
4.7218E-02 	 3459.4 	 3.9746E+07 	 1119.0 	 656.5
4.7223E-02 	 3459.3 	 3.9737E+07 	 1119.0 	 656.4
4.7227E-02 	 3459.3 	 3.9728E+07 	 1119.0 	 656.3
4.7232E-02 	 3459.2 	 3.9719E+07 	 1119.0 	 656.1
4.7237E-02 	 3459.1 	 3.9710E+07 	 1118.9 	 656.0
4.7242E-02 	 3459.1 	 3.9701E+07 	 1118.9 	 655.9
4.7246E-02 	 3459.0 	 3.9692E+07 	 1118.9 	 655.8
4.7251E-02 	 3458.9 	 3.9683E+07 	 1118.9 	 655.7
4.7256E-02 	 3458.9 	 3.9674E+07 	 1118.9 	 655.6
4.7261E-02 	 3458.8 	 3.9665E+07 	 1118.8 	 655.5
4.7265E-02 	 3458.7 	 3.9656E+07 	 1118.8 	 655.4
4.7270E-02 	 3458.7 	 3.9646E+07 	 1118.8 	 655.3
4.7275E-02 	 3458.6 	 3.9637E+07 	 1118.8 	 655.2
4.7279E-02 	 3458.5 	 3.9628E+07 	 1118.7 	 655.1
4.7284E-02 	 3458.5 	 3.9619E+07 	 1118.7 	 655.0
4.7289E-02 	 3458.4 	 3.9610E+07 	 1118.7 	 654.9
4.7294E-02 	 3458.3 	 3.9601E+07 	 1118.7 	 654.8
4.7298E-02 	 3458.3 	 3.9592E+07 	 1118.7 	 654.7
4.7303E-02 	 3458.2 	 3.9583E+07 	 1118.6 	 654.6
4.7308E-02 	 3458.1 	 3.9574E+07 	 1118.6 	 654.5
4.7313E-02 	 3458.0 	 3.9565E+07 	 1118.6 	 654.4
4.7317E-02 	 3458.0 	 3.9556E+07 	 1118.6 	 654.3
4.7322E-02 	 3457.9 	 3.9547E+07 	 1118.5 	 654.2
4.7327E-02 	 3457.8 	 3.9538E+07 	 1118.5 	 654.1
4.7331E-02 	 3457.8 	 3.9529E+07 	 1118.5 	 654.0
4.7336E-02 	 3457.7 	 3.9520E+07 	 1118.5 	 653.8
4.7341E-02 	 3457.6 	 3.9511E+07 	 1118.5 	 653.7
4.7346E-02 	 3457.6 	 3.9502E+07 	 1118.4 	 653.6
4.7350E-02 	 3457.5 	 3.9493E+07 	 1118.4 	 653.5
4.7355E-02 	 3457.4 	 3.9484E+07 	 1118.4 	 653.4
4.7360E-02 	 3457.4 	 3.9475E+07 	 1118.4 	 653.3
4.7365E-02 	 3457.3 	 3.9466E+07 	 1118.3 	 653.2
4.7369E-02 	 3457.2 	 3.9457E+07 	 1118.3 	 653.1
4.7374E-02 	 3457.2 	 3.9448E+07 	 1118.3 	 653.0
4.7379E-02 	 3457.1 	 3.9439E+07 	 1118.3 	 652.9
4.7384E-02 	 3457.0 	 3.9430E+07 	 1118.3 	 652.8
4.7388E-02 	 3457.0 	 3.9421E+07 	 1118.2 	 652.7
4.7393E-02 	 3456.9 	 3.9412E+07 	 1118.2 	 652.6
4.7398E-02 	 3456.8 	 3.9403E+07 	 1118.2 	 652.5
4.7403E-02 	 3456.7 	 3.9394E+07 	 1118.2 	 652.4
4.7407E-02 	 3456.7 	 3.9385E+07 	 1118.1 	 652.3
4.7412E-02 	 3456.6 	 3.9376E+07 	 1118.1 	 652.2
4.7417E-02 	 3456.5 	 3.9367E+07 	 1118.1 	 652.1
4.7421E-02 	 3456.5 	 3.9358E+07 	 1118.1 	 652.0
4.7426E-02 	 3456.4 	 3.9349E+07 	 1118.1 	 651.9
4.7431E-02 	 3456.3 	 3.9340E+07 	 1118.0 	 651.8
4.7436E-02 	 3456.3 	 3.9331E+07 	 1118.0 	 651.7
4.7440E-02 	 3456.2 	 3.9322E+07 	 1118.0 	 651.5
4.7445E-02 	 3456.1 	 3.9313E+07 	 1118.0 	 651.4
4.7450E-02 	 3456.1 	 3.9304E+07 	 1117.9 	 651.3
4.7455E-02 	 3456.0 	 3.9295E+07 	 1117.9 	 651.2
4.7459E-02 	 3455.9 	 3.9286E+07 	 1117.9 	 651.1
4.7464E-02 	 3455.9 	 3.9277E+07 	 1117.9 	 651.0
4.7469E-02 	 3455.8 	 3.9268E+07 	 1117.9 	 650.9
4.7474E-02 	 3455.7 	 3.9259E+07 	 1117.8 	 650.8
4.7478E-02 	 3455.7 	 3.9250E+07 	 1117.8 	 650.7
4.7483E-02 	 3455.6 	 3.9241E+07 	 1117.8 	 650.6
4.7488E-02 	 3455.5 	 3.9232E+07 	 1117.8 	 650.5
4.7493E-02 	 3455.4 	 3.9223E+07 	 1117.7 	 650.4
4.7497E-02 	 3455.4 	 3.9214E+07 	 1117.7 	 650.3
4.7502E-02 	 3455.3 	 3.9205E+07 	 1117.7 	 650.2
4.7507E-02 	 3455.2 	 3.9196E+07 	 1117.7 	 650.1
4.7512E-02 	 3455.2 	 3.9187E+07 	 1117.7 	 650.0
4.7516E-02 	 3455.1 	 3.9178E+07 	 1117.6 	 649.9
4.7521E-02 	 3455.0 	 3.9169E+07 	 1117.6 	 649.8
4.7526E-02 	 3455.0 	 3.9160E+07 	 1117.6 	 649.7
4.7531E-02 	 3454.9 	 3.9151E+07 	 1117.6 	 649.6
4.7535E-02 	 3454.8 	 3.9142E+07 	 1117.5 	 649.5
4.7540E-02 	 3454.8 	 3.9133E+07 	 1117.5 	 649.4
4.7545E-02 	 3454.7 	 3.9124E+07 	 1117.5 	 649.3
4.7550E-02 	 3454.6 	 3.9116E+07 	 1117.5 	 649.1
4.7554E-02 	 3454.6 	 3.9107E+07 	 1117.5 	 649.0
4.7559E-02 	 3454.5 	 3.9098E+07 	 1117.4 	 648.9
4.7564E-02 	 3454.4 	 3.9089E+07 	 1117.4 	 648.8
4.7569E-02 	 3454.3 	 3.9080E+07 	 1117.4 	 648.7
4.7573E-02 	 3454.3 	 3.9071E+07 	 1117.4 	 648.6
4.7578E-02 	 3454.2 	 3.9062E+07 	 1117.3 	 648.5
4.7583E-02 	 3454.1 	 3.9053E+07 	 1117.3 	 648.4
4.7588E-02 	 3454.1 	 3.9044E+07 	 1117.3 	 648.3
4.7592E-02 	 3454.0 	 3.9035E+07 	 1117.3 	 648.2
4.7597E-02 	 3453.9 	 3.9026E+07 	 1117.3 	 648.1
4.7602E-02 	 3453.9 	 3.9017E+07 	 1117.2 	 648.0
4.7607E-02 	 3453.8 	 3.9008E+07 	 1117.2 	 647.9
4.7612E-02 	 3453.7 	 3.8999E+07 	 1117.2 	 647.8
4.7616E-02 	 3453.7 	 3.8991E+07 	 1117.2 	 647.7
4.7621E-02 	 3453.6 	 3.8982E+07 	 1117.1 	 647.6
4.7626E-02 	 3453.5 	 3.8973E+07 	 1117.1 	 647.5
4.7631E-02 	 3453.5 	 3.8964E+07 	 1117.1 	 647.4
4.7635E-02 	 3453.4 	 3.8955E+07 	 1117.1 	 647.3
4.7640E-02 	 3453.3 	 3.8946E+07 	 1117.1 	 647.2
4.7645E-02 	 3453.3 	 3.8937E+07 	 1117.0 	 647.1
4.7650E-02 	 3453.2 	 3.8928E+07 	 1117.0 	 647.0
4.7654E-02 	 3453.1 	 3.8919E+07 	 1117.0 	 646.8
4.7659E-02 	 3453.0 	 3.8910E+07 	 1117.0 	 646.7
4.7664E-02 	 3453.0 	 3.8902E+07 	 1116.9 	 646.6
4.7669E-02 	 3452.9 	 3.8893E+07 	 1116.9 	 646.5
4.7673E-02 	 3452.8 	 3.8884E+07 	 1116.9 	 646.4
4.7678E-02 	 3452.8 	 3.8875E+07 	 1116.9 	 646.3
4.7683E-02 	 3452.7 	 3.8866E+07 	 1116.8 	 646.2
4.7688E-02 	 3452.6 	 3.8857E+07 	 1116.8 	 646.1
4.7693E-02 	 3452.6 	 3.8848E+07 	 1116.8 	 646.0
4.7697E-02 	 3452.5 	 3.8839E+07 	 1116.8 	 645.9
4.7702E-02 	 3452.4 	 3.8830E+07 	 1116.8 	 645.8
4.7707E-02 	 3452.4 	 3.8822E+07 	 1116.7 	 645.7
4.7712E-02 	 3452.3 	 3.8813E+07 	 1116.7 	 645.6
4.7716E-02 	 3452.2 	 3.8804E+07 	 1116.7 	 645.5
4.7721E-02 	 3452.2 	 3.8795E+07 	 1116.7 	 645.4
4.7726E-02 	 3452.1 	 3.8786E+07 	 1116.6 	 645.3
4.7731E-02 	 3452.0 	 3.8777E+07 	 1116.6 	 645.2
4.7735E-02 	 3452.0 	 3.8768E+07 	 1116.6 	 645.1
4.7740E-02 	 3451.9 	 3.8759E+07 	 1116.6 	 645.0
4.7745E-02 	 3451.8 	 3.8751E+07 	 1116.6 	 644.9
4.7750E-02 	 3451.7 	 3.8742E+07 	 1116.5 	 644.8
4.7755E-02 	 3451.7 	 3.8733E+07 	 1116.5 	 644.7
4.7759E-02 	 3451.6 	 3.8724E+07 	 1116.5 	 644.6
4.7764E-02 	 3451.5 	 3.8715E+07 	 1116.5 	 644.4
4.7769E-02 	 3451.5 	 3.8706E+07 	 1116.4 	 644.3
4.7774E-02 	 3451.4 	 3.8697E+07 	 1116.4 	 644.2
4.7778E-02 	 3451.3 	 3.8689E+07 	 1116.4 	 644.1
4.7783E-02 	 3451.3 	 3.8680E+07 	 1116.4 	 644.0
4.7788E-02 	 3451.2 	 3.8671E+07 	 1116.4 	 643.9
4.7793E-02 	 3451.1 	 3.8662E+07 	 1116.3 	 643.8
4.7798E-02 	 3451.1 	 3.8653E+07 	 1116.3 	 643.7
4.7802E-02 	 3451.0 	 3.8644E+07 	 1116.3 	 643.6
4.7807E-02 	 3450.9 	 3.8636E+07 	 1116.3 	 643.5
4.7812E-02 	 3450.9 	 3.8627E+07 	 1116.2 	 643.4
4.7817E-02 	 3450.8 	 3.8618E+07 	 1116.2 	 643.3
4.7821E-02 	 3450.7 	 3.8609E+07 	 1116.2 	 643.2
4.7826E-02 	 3450.7 	 3.8600E+07 	 1116.2 	 643.1
