# CJ state isentrope
# CALCULATION RUN ON 2023-11-05

# INITIAL CONDITIONS
# TEMPERATURE (K) 300.0
# PRESSURE (ATM) 1.7
# DENSITY (KG/M^3) 0.5184
# SPECIES MOLE FRACTIONS: O2:15 H2:30 HE:55
# MECHANISM: sandiego20161214_H2only.cti
# CJ speed (M/S) 3572.79

# THE OUTPUT DATA COLUMNS ARE:
Variables = "Specific Volume (m3/kg)", "Temperature (K)", "Pressure (Pa)", "sound speed (eq)(m/s)", "fluid speed (m/s)"
1.0736E+00 	 3390.8 	 3.1043E+06 	 1985.1 	 1584.4
1.0737E+00 	 3390.7 	 3.1040E+06 	 1985.0 	 1584.2
1.0738E+00 	 3390.7 	 3.1036E+06 	 1985.0 	 1584.0
1.0739E+00 	 3390.6 	 3.1032E+06 	 1985.0 	 1583.8
1.0741E+00 	 3390.6 	 3.1029E+06 	 1985.0 	 1583.6
1.0742E+00 	 3390.5 	 3.1025E+06 	 1985.0 	 1583.4
1.0743E+00 	 3390.5 	 3.1021E+06 	 1985.0 	 1583.2
1.0744E+00 	 3390.4 	 3.1018E+06 	 1984.9 	 1583.0
1.0745E+00 	 3390.4 	 3.1014E+06 	 1984.9 	 1582.8
1.0746E+00 	 3390.3 	 3.1010E+06 	 1984.9 	 1582.6
1.0747E+00 	 3390.3 	 3.1007E+06 	 1984.9 	 1582.4
1.0748E+00 	 3390.2 	 3.1003E+06 	 1984.9 	 1582.2
1.0749E+00 	 3390.2 	 3.0999E+06 	 1984.8 	 1582.0
1.0750E+00 	 3390.1 	 3.0996E+06 	 1984.8 	 1581.8
1.0751E+00 	 3390.1 	 3.0992E+06 	 1984.8 	 1581.6
1.0752E+00 	 3390.0 	 3.0988E+06 	 1984.8 	 1581.4
1.0753E+00 	 3389.9 	 3.0985E+06 	 1984.8 	 1581.2
1.0755E+00 	 3389.9 	 3.0981E+06 	 1984.8 	 1581.0
1.0756E+00 	 3389.8 	 3.0977E+06 	 1984.7 	 1580.8
1.0757E+00 	 3389.8 	 3.0974E+06 	 1984.7 	 1580.6
1.0758E+00 	 3389.7 	 3.0970E+06 	 1984.7 	 1580.4
1.0759E+00 	 3389.7 	 3.0966E+06 	 1984.7 	 1580.2
1.0760E+00 	 3389.6 	 3.0963E+06 	 1984.7 	 1580.0
1.0761E+00 	 3389.6 	 3.0959E+06 	 1984.6 	 1579.8
1.0762E+00 	 3389.5 	 3.0955E+06 	 1984.6 	 1579.6
1.0763E+00 	 3389.5 	 3.0952E+06 	 1984.6 	 1579.4
1.0764E+00 	 3389.4 	 3.0948E+06 	 1984.6 	 1579.2
1.0765E+00 	 3389.4 	 3.0945E+06 	 1984.6 	 1579.0
1.0766E+00 	 3389.3 	 3.0941E+06 	 1984.6 	 1578.8
1.0767E+00 	 3389.3 	 3.0937E+06 	 1984.5 	 1578.6
1.0769E+00 	 3389.2 	 3.0934E+06 	 1984.5 	 1578.4
1.0770E+00 	 3389.2 	 3.0930E+06 	 1984.5 	 1578.2
1.0771E+00 	 3389.1 	 3.0926E+06 	 1984.5 	 1578.0
1.0772E+00 	 3389.1 	 3.0923E+06 	 1984.5 	 1577.8
1.0773E+00 	 3389.0 	 3.0919E+06 	 1984.4 	 1577.6
1.0774E+00 	 3389.0 	 3.0915E+06 	 1984.4 	 1577.4
1.0775E+00 	 3388.9 	 3.0912E+06 	 1984.4 	 1577.2
1.0776E+00 	 3388.9 	 3.0908E+06 	 1984.4 	 1577.0
1.0777E+00 	 3388.8 	 3.0904E+06 	 1984.4 	 1576.8
1.0778E+00 	 3388.8 	 3.0901E+06 	 1984.4 	 1576.6
1.0779E+00 	 3388.7 	 3.0897E+06 	 1984.3 	 1576.4
1.0780E+00 	 3388.7 	 3.0893E+06 	 1984.3 	 1576.2
1.0781E+00 	 3388.6 	 3.0890E+06 	 1984.3 	 1576.0
1.0783E+00 	 3388.6 	 3.0886E+06 	 1984.3 	 1575.8
1.0784E+00 	 3388.5 	 3.0882E+06 	 1984.3 	 1575.6
1.0785E+00 	 3388.5 	 3.0879E+06 	 1984.2 	 1575.4
1.0786E+00 	 3388.4 	 3.0875E+06 	 1984.2 	 1575.2
1.0787E+00 	 3388.4 	 3.0871E+06 	 1984.2 	 1575.0
1.0788E+00 	 3388.3 	 3.0868E+06 	 1984.2 	 1574.8
1.0789E+00 	 3388.3 	 3.0864E+06 	 1984.2 	 1574.6
1.0790E+00 	 3388.2 	 3.0860E+06 	 1984.2 	 1574.5
1.0791E+00 	 3388.2 	 3.0857E+06 	 1984.1 	 1574.3
1.0792E+00 	 3388.1 	 3.0853E+06 	 1984.1 	 1574.1
1.0793E+00 	 3388.1 	 3.0850E+06 	 1984.1 	 1573.9
1.0794E+00 	 3388.0 	 3.0846E+06 	 1984.1 	 1573.7
1.0795E+00 	 3388.0 	 3.0842E+06 	 1984.1 	 1573.5
1.0797E+00 	 3387.9 	 3.0839E+06 	 1984.0 	 1573.3
1.0798E+00 	 3387.9 	 3.0835E+06 	 1984.0 	 1573.1
1.0799E+00 	 3387.8 	 3.0831E+06 	 1984.0 	 1572.9
1.0800E+00 	 3387.8 	 3.0828E+06 	 1984.0 	 1572.7
1.0801E+00 	 3387.7 	 3.0824E+06 	 1984.0 	 1572.5
1.0802E+00 	 3387.7 	 3.0820E+06 	 1984.0 	 1572.3
1.0803E+00 	 3387.6 	 3.0817E+06 	 1983.9 	 1572.1
1.0804E+00 	 3387.6 	 3.0813E+06 	 1983.9 	 1571.9
1.0805E+00 	 3387.5 	 3.0809E+06 	 1983.9 	 1571.7
1.0806E+00 	 3387.5 	 3.0806E+06 	 1983.9 	 1571.5
1.0807E+00 	 3387.4 	 3.0802E+06 	 1983.9 	 1571.3
1.0808E+00 	 3387.4 	 3.0799E+06 	 1983.9 	 1571.1
1.0810E+00 	 3387.3 	 3.0795E+06 	 1983.8 	 1570.9
1.0811E+00 	 3387.3 	 3.0791E+06 	 1983.8 	 1570.7
1.0812E+00 	 3387.2 	 3.0788E+06 	 1983.8 	 1570.5
1.0813E+00 	 3387.2 	 3.0784E+06 	 1983.8 	 1570.3
1.0814E+00 	 3387.1 	 3.0780E+06 	 1983.8 	 1570.1
1.0815E+00 	 3387.1 	 3.0777E+06 	 1983.7 	 1569.9
1.0816E+00 	 3387.0 	 3.0773E+06 	 1983.7 	 1569.7
1.0817E+00 	 3387.0 	 3.0769E+06 	 1983.7 	 1569.5
1.0818E+00 	 3386.9 	 3.0766E+06 	 1983.7 	 1569.3
1.0819E+00 	 3386.9 	 3.0762E+06 	 1983.7 	 1569.1
1.0820E+00 	 3386.8 	 3.0758E+06 	 1983.7 	 1568.9
1.0821E+00 	 3386.8 	 3.0755E+06 	 1983.6 	 1568.7
1.0822E+00 	 3386.7 	 3.0751E+06 	 1983.6 	 1568.5
1.0824E+00 	 3386.7 	 3.0748E+06 	 1983.6 	 1568.3
1.0825E+00 	 3386.6 	 3.0744E+06 	 1983.6 	 1568.1
1.0826E+00 	 3386.6 	 3.0740E+06 	 1983.6 	 1567.9
1.0827E+00 	 3386.5 	 3.0737E+06 	 1983.5 	 1567.7
1.0828E+00 	 3386.5 	 3.0733E+06 	 1983.5 	 1567.5
1.0829E+00 	 3386.4 	 3.0729E+06 	 1983.5 	 1567.3
1.0830E+00 	 3386.4 	 3.0726E+06 	 1983.5 	 1567.1
1.0831E+00 	 3386.3 	 3.0722E+06 	 1983.5 	 1566.9
1.0832E+00 	 3386.3 	 3.0719E+06 	 1983.5 	 1566.7
1.0833E+00 	 3386.2 	 3.0715E+06 	 1983.4 	 1566.5
1.0834E+00 	 3386.2 	 3.0711E+06 	 1983.4 	 1566.3
1.0835E+00 	 3386.1 	 3.0708E+06 	 1983.4 	 1566.1
1.0837E+00 	 3386.1 	 3.0704E+06 	 1983.4 	 1565.9
1.0838E+00 	 3386.0 	 3.0700E+06 	 1983.4 	 1565.7
1.0839E+00 	 3386.0 	 3.0697E+06 	 1983.3 	 1565.5
1.0840E+00 	 3385.9 	 3.0693E+06 	 1983.3 	 1565.3
1.0841E+00 	 3385.9 	 3.0689E+06 	 1983.3 	 1565.1
1.0842E+00 	 3385.8 	 3.0686E+06 	 1983.3 	 1564.9
1.0843E+00 	 3385.8 	 3.0682E+06 	 1983.3 	 1564.7
1.0844E+00 	 3385.7 	 3.0679E+06 	 1983.3 	 1564.5
1.0845E+00 	 3385.6 	 3.0675E+06 	 1983.2 	 1564.3
1.0846E+00 	 3385.6 	 3.0671E+06 	 1983.2 	 1564.1
1.0847E+00 	 3385.5 	 3.0668E+06 	 1983.2 	 1563.9
1.0849E+00 	 3385.5 	 3.0664E+06 	 1983.2 	 1563.7
1.0850E+00 	 3385.4 	 3.0660E+06 	 1983.2 	 1563.5
1.0851E+00 	 3385.4 	 3.0657E+06 	 1983.1 	 1563.3
1.0852E+00 	 3385.3 	 3.0653E+06 	 1983.1 	 1563.1
1.0853E+00 	 3385.3 	 3.0650E+06 	 1983.1 	 1562.9
1.0854E+00 	 3385.2 	 3.0646E+06 	 1983.1 	 1562.7
1.0855E+00 	 3385.2 	 3.0642E+06 	 1983.1 	 1562.6
1.0856E+00 	 3385.1 	 3.0639E+06 	 1983.1 	 1562.4
1.0857E+00 	 3385.1 	 3.0635E+06 	 1983.0 	 1562.2
1.0858E+00 	 3385.0 	 3.0631E+06 	 1983.0 	 1562.0
1.0859E+00 	 3385.0 	 3.0628E+06 	 1983.0 	 1561.8
1.0860E+00 	 3384.9 	 3.0624E+06 	 1983.0 	 1561.6
1.0862E+00 	 3384.9 	 3.0621E+06 	 1983.0 	 1561.4
1.0863E+00 	 3384.8 	 3.0617E+06 	 1982.9 	 1561.2
1.0864E+00 	 3384.8 	 3.0613E+06 	 1982.9 	 1561.0
1.0865E+00 	 3384.7 	 3.0610E+06 	 1982.9 	 1560.8
1.0866E+00 	 3384.7 	 3.0606E+06 	 1982.9 	 1560.6
1.0867E+00 	 3384.6 	 3.0603E+06 	 1982.9 	 1560.4
1.0868E+00 	 3384.6 	 3.0599E+06 	 1982.9 	 1560.2
1.0869E+00 	 3384.5 	 3.0595E+06 	 1982.8 	 1560.0
1.0870E+00 	 3384.5 	 3.0592E+06 	 1982.8 	 1559.8
1.0871E+00 	 3384.4 	 3.0588E+06 	 1982.8 	 1559.6
1.0872E+00 	 3384.4 	 3.0584E+06 	 1982.8 	 1559.4
1.0873E+00 	 3384.3 	 3.0581E+06 	 1982.8 	 1559.2
1.0875E+00 	 3384.3 	 3.0577E+06 	 1982.7 	 1559.0
1.0876E+00 	 3384.2 	 3.0574E+06 	 1982.7 	 1558.8
1.0877E+00 	 3384.2 	 3.0570E+06 	 1982.7 	 1558.6
1.0878E+00 	 3384.1 	 3.0566E+06 	 1982.7 	 1558.4
1.0879E+00 	 3384.1 	 3.0563E+06 	 1982.7 	 1558.2
1.0880E+00 	 3384.0 	 3.0559E+06 	 1982.7 	 1558.0
1.0881E+00 	 3384.0 	 3.0556E+06 	 1982.6 	 1557.8
1.0882E+00 	 3383.9 	 3.0552E+06 	 1982.6 	 1557.6
1.0883E+00 	 3383.9 	 3.0548E+06 	 1982.6 	 1557.4
1.0884E+00 	 3383.8 	 3.0545E+06 	 1982.6 	 1557.2
1.0885E+00 	 3383.8 	 3.0541E+06 	 1982.6 	 1557.0
1.0887E+00 	 3383.7 	 3.0537E+06 	 1982.5 	 1556.8
1.0888E+00 	 3383.7 	 3.0534E+06 	 1982.5 	 1556.6
1.0889E+00 	 3383.6 	 3.0530E+06 	 1982.5 	 1556.4
1.0890E+00 	 3383.6 	 3.0527E+06 	 1982.5 	 1556.2
1.0891E+00 	 3383.5 	 3.0523E+06 	 1982.5 	 1556.0
1.0892E+00 	 3383.5 	 3.0519E+06 	 1982.5 	 1555.8
1.0893E+00 	 3383.4 	 3.0516E+06 	 1982.4 	 1555.6
1.0894E+00 	 3383.4 	 3.0512E+06 	 1982.4 	 1555.4
1.0895E+00 	 3383.3 	 3.0509E+06 	 1982.4 	 1555.2
1.0896E+00 	 3383.3 	 3.0505E+06 	 1982.4 	 1555.0
1.0897E+00 	 3383.2 	 3.0501E+06 	 1982.4 	 1554.8
1.0899E+00 	 3383.2 	 3.0498E+06 	 1982.3 	 1554.6
1.0900E+00 	 3383.1 	 3.0494E+06 	 1982.3 	 1554.4
1.0901E+00 	 3383.1 	 3.0491E+06 	 1982.3 	 1554.2
1.0902E+00 	 3383.0 	 3.0487E+06 	 1982.3 	 1554.0
1.0903E+00 	 3383.0 	 3.0483E+06 	 1982.3 	 1553.8
1.0904E+00 	 3382.9 	 3.0480E+06 	 1982.3 	 1553.6
1.0905E+00 	 3382.9 	 3.0476E+06 	 1982.2 	 1553.4
1.0906E+00 	 3382.8 	 3.0473E+06 	 1982.2 	 1553.2
1.0907E+00 	 3382.8 	 3.0469E+06 	 1982.2 	 1553.0
1.0908E+00 	 3382.7 	 3.0465E+06 	 1982.2 	 1552.8
1.0909E+00 	 3382.7 	 3.0462E+06 	 1982.2 	 1552.6
1.0911E+00 	 3382.6 	 3.0458E+06 	 1982.1 	 1552.4
1.0912E+00 	 3382.6 	 3.0455E+06 	 1982.1 	 1552.2
1.0913E+00 	 3382.5 	 3.0451E+06 	 1982.1 	 1552.0
1.0914E+00 	 3382.5 	 3.0447E+06 	 1982.1 	 1551.8
1.0915E+00 	 3382.4 	 3.0444E+06 	 1982.1 	 1551.6
1.0916E+00 	 3382.4 	 3.0440E+06 	 1982.1 	 1551.4
1.0917E+00 	 3382.3 	 3.0437E+06 	 1982.0 	 1551.3
1.0918E+00 	 3382.3 	 3.0433E+06 	 1982.0 	 1551.1
1.0919E+00 	 3382.2 	 3.0429E+06 	 1982.0 	 1550.9
1.0920E+00 	 3382.2 	 3.0426E+06 	 1982.0 	 1550.7
1.0921E+00 	 3382.1 	 3.0422E+06 	 1982.0 	 1550.5
1.0923E+00 	 3382.1 	 3.0419E+06 	 1982.0 	 1550.3
1.0924E+00 	 3382.0 	 3.0415E+06 	 1981.9 	 1550.1
1.0925E+00 	 3382.0 	 3.0411E+06 	 1981.9 	 1549.9
1.0926E+00 	 3381.9 	 3.0408E+06 	 1981.9 	 1549.7
1.0927E+00 	 3381.9 	 3.0404E+06 	 1981.9 	 1549.5
1.0928E+00 	 3381.8 	 3.0401E+06 	 1981.9 	 1549.3
1.0929E+00 	 3381.8 	 3.0397E+06 	 1981.8 	 1549.1
1.0930E+00 	 3381.7 	 3.0393E+06 	 1981.8 	 1548.9
1.0931E+00 	 3381.7 	 3.0390E+06 	 1981.8 	 1548.7
1.0932E+00 	 3381.6 	 3.0386E+06 	 1981.8 	 1548.5
1.0933E+00 	 3381.6 	 3.0383E+06 	 1981.8 	 1548.3
1.0935E+00 	 3381.5 	 3.0379E+06 	 1981.8 	 1548.1
1.0936E+00 	 3381.5 	 3.0375E+06 	 1981.7 	 1547.9
1.0937E+00 	 3381.4 	 3.0372E+06 	 1981.7 	 1547.7
1.0938E+00 	 3381.4 	 3.0368E+06 	 1981.7 	 1547.5
1.0939E+00 	 3381.3 	 3.0365E+06 	 1981.7 	 1547.3
1.0940E+00 	 3381.3 	 3.0361E+06 	 1981.7 	 1547.1
1.0941E+00 	 3381.2 	 3.0357E+06 	 1981.6 	 1546.9
1.0942E+00 	 3381.2 	 3.0354E+06 	 1981.6 	 1546.7
1.0943E+00 	 3381.1 	 3.0350E+06 	 1981.6 	 1546.5
1.0944E+00 	 3381.1 	 3.0347E+06 	 1981.6 	 1546.3
1.0945E+00 	 3381.0 	 3.0343E+06 	 1981.6 	 1546.1
1.0947E+00 	 3380.9 	 3.0340E+06 	 1981.6 	 1545.9
1.0948E+00 	 3380.9 	 3.0336E+06 	 1981.5 	 1545.7
1.0949E+00 	 3380.8 	 3.0332E+06 	 1981.5 	 1545.5
1.0950E+00 	 3380.8 	 3.0329E+06 	 1981.5 	 1545.3
1.0951E+00 	 3380.7 	 3.0325E+06 	 1981.5 	 1545.1
1.0952E+00 	 3380.7 	 3.0322E+06 	 1981.5 	 1544.9
1.0953E+00 	 3380.6 	 3.0318E+06 	 1981.4 	 1544.7
1.0954E+00 	 3380.6 	 3.0314E+06 	 1981.4 	 1544.5
1.0955E+00 	 3380.5 	 3.0311E+06 	 1981.4 	 1544.3
1.0956E+00 	 3380.5 	 3.0307E+06 	 1981.4 	 1544.1
1.0958E+00 	 3380.4 	 3.0304E+06 	 1981.4 	 1543.9
1.0959E+00 	 3380.4 	 3.0300E+06 	 1981.4 	 1543.7
1.0960E+00 	 3380.3 	 3.0297E+06 	 1981.3 	 1543.5
1.0961E+00 	 3380.3 	 3.0293E+06 	 1981.3 	 1543.3
1.0962E+00 	 3380.2 	 3.0289E+06 	 1981.3 	 1543.1
1.0963E+00 	 3380.2 	 3.0286E+06 	 1981.3 	 1542.9
1.0964E+00 	 3380.1 	 3.0282E+06 	 1981.3 	 1542.7
1.0965E+00 	 3380.1 	 3.0279E+06 	 1981.2 	 1542.5
1.0966E+00 	 3380.0 	 3.0275E+06 	 1981.2 	 1542.3
1.0967E+00 	 3380.0 	 3.0271E+06 	 1981.2 	 1542.1
1.0968E+00 	 3379.9 	 3.0268E+06 	 1981.2 	 1541.9
1.0970E+00 	 3379.9 	 3.0264E+06 	 1981.2 	 1541.7
1.0971E+00 	 3379.8 	 3.0261E+06 	 1981.2 	 1541.5
1.0972E+00 	 3379.8 	 3.0257E+06 	 1981.1 	 1541.3
1.0973E+00 	 3379.7 	 3.0254E+06 	 1981.1 	 1541.1
1.0974E+00 	 3379.7 	 3.0250E+06 	 1981.1 	 1540.9
1.0975E+00 	 3379.6 	 3.0246E+06 	 1981.1 	 1540.7
1.0976E+00 	 3379.6 	 3.0243E+06 	 1981.1 	 1540.6
1.0977E+00 	 3379.5 	 3.0239E+06 	 1981.0 	 1540.4
1.0978E+00 	 3379.5 	 3.0236E+06 	 1981.0 	 1540.2
1.0979E+00 	 3379.4 	 3.0232E+06 	 1981.0 	 1540.0
1.0981E+00 	 3379.4 	 3.0229E+06 	 1981.0 	 1539.8
1.0982E+00 	 3379.3 	 3.0225E+06 	 1981.0 	 1539.6
1.0983E+00 	 3379.3 	 3.0221E+06 	 1981.0 	 1539.4
1.0984E+00 	 3379.2 	 3.0218E+06 	 1980.9 	 1539.2
1.0985E+00 	 3379.2 	 3.0214E+06 	 1980.9 	 1539.0
1.0986E+00 	 3379.1 	 3.0211E+06 	 1980.9 	 1538.8
1.0987E+00 	 3379.1 	 3.0207E+06 	 1980.9 	 1538.6
1.0988E+00 	 3379.0 	 3.0204E+06 	 1980.9 	 1538.4
1.0989E+00 	 3379.0 	 3.0200E+06 	 1980.8 	 1538.2
1.0990E+00 	 3378.9 	 3.0196E+06 	 1980.8 	 1538.0
1.0992E+00 	 3378.9 	 3.0193E+06 	 1980.8 	 1537.8
1.0993E+00 	 3378.8 	 3.0189E+06 	 1980.8 	 1537.6
1.0994E+00 	 3378.8 	 3.0186E+06 	 1980.8 	 1537.4
1.0995E+00 	 3378.7 	 3.0182E+06 	 1980.8 	 1537.2
1.0996E+00 	 3378.7 	 3.0179E+06 	 1980.7 	 1537.0
1.0997E+00 	 3378.6 	 3.0175E+06 	 1980.7 	 1536.8
1.0998E+00 	 3378.6 	 3.0171E+06 	 1980.7 	 1536.6
1.0999E+00 	 3378.5 	 3.0168E+06 	 1980.7 	 1536.4
1.1000E+00 	 3378.5 	 3.0164E+06 	 1980.7 	 1536.2
1.1001E+00 	 3378.4 	 3.0161E+06 	 1980.6 	 1536.0
1.1003E+00 	 3378.4 	 3.0157E+06 	 1980.6 	 1535.8
1.1004E+00 	 3378.3 	 3.0154E+06 	 1980.6 	 1535.6
1.1005E+00 	 3378.3 	 3.0150E+06 	 1980.6 	 1535.4
1.1006E+00 	 3378.2 	 3.0146E+06 	 1980.6 	 1535.2
1.1007E+00 	 3378.2 	 3.0143E+06 	 1980.6 	 1535.0
1.1008E+00 	 3378.1 	 3.0139E+06 	 1980.5 	 1534.8
1.1009E+00 	 3378.1 	 3.0136E+06 	 1980.5 	 1534.6
1.1010E+00 	 3378.0 	 3.0132E+06 	 1980.5 	 1534.4
1.1011E+00 	 3378.0 	 3.0129E+06 	 1980.5 	 1534.2
1.1012E+00 	 3377.9 	 3.0125E+06 	 1980.5 	 1534.0
1.1014E+00 	 3377.9 	 3.0122E+06 	 1980.5 	 1533.8
1.1015E+00 	 3377.8 	 3.0118E+06 	 1980.4 	 1533.6
1.1016E+00 	 3377.8 	 3.0114E+06 	 1980.4 	 1533.4
1.1017E+00 	 3377.7 	 3.0111E+06 	 1980.4 	 1533.2
1.1018E+00 	 3377.7 	 3.0107E+06 	 1980.4 	 1533.0
1.1019E+00 	 3377.6 	 3.0104E+06 	 1980.4 	 1532.8
1.1020E+00 	 3377.6 	 3.0100E+06 	 1980.3 	 1532.6
1.1021E+00 	 3377.5 	 3.0097E+06 	 1980.3 	 1532.4
1.1022E+00 	 3377.5 	 3.0093E+06 	 1980.3 	 1532.2
1.1023E+00 	 3377.4 	 3.0090E+06 	 1980.3 	 1532.0
1.1025E+00 	 3377.4 	 3.0086E+06 	 1980.3 	 1531.8
1.1026E+00 	 3377.3 	 3.0082E+06 	 1980.3 	 1531.6
1.1027E+00 	 3377.3 	 3.0079E+06 	 1980.2 	 1531.4
1.1028E+00 	 3377.2 	 3.0075E+06 	 1980.2 	 1531.2
1.1029E+00 	 3377.2 	 3.0072E+06 	 1980.2 	 1531.0
1.1030E+00 	 3377.1 	 3.0068E+06 	 1980.2 	 1530.8
1.1031E+00 	 3377.1 	 3.0065E+06 	 1980.2 	 1530.6
1.1032E+00 	 3377.0 	 3.0061E+06 	 1980.1 	 1530.4
1.1033E+00 	 3377.0 	 3.0058E+06 	 1980.1 	 1530.3
1.1034E+00 	 3376.9 	 3.0054E+06 	 1980.1 	 1530.1
1.1036E+00 	 3376.9 	 3.0050E+06 	 1980.1 	 1529.9
1.1037E+00 	 3376.8 	 3.0047E+06 	 1980.1 	 1529.7
1.1038E+00 	 3376.8 	 3.0043E+06 	 1980.1 	 1529.5
1.1039E+00 	 3376.7 	 3.0040E+06 	 1980.0 	 1529.3
1.1040E+00 	 3376.7 	 3.0036E+06 	 1980.0 	 1529.1
1.1041E+00 	 3376.6 	 3.0033E+06 	 1980.0 	 1528.9
1.1042E+00 	 3376.6 	 3.0029E+06 	 1980.0 	 1528.7
1.1043E+00 	 3376.5 	 3.0026E+06 	 1980.0 	 1528.5
1.1044E+00 	 3376.5 	 3.0022E+06 	 1979.9 	 1528.3
1.1046E+00 	 3376.4 	 3.0018E+06 	 1979.9 	 1528.1
1.1047E+00 	 3376.4 	 3.0015E+06 	 1979.9 	 1527.9
1.1048E+00 	 3376.3 	 3.0011E+06 	 1979.9 	 1527.7
1.1049E+00 	 3376.3 	 3.0008E+06 	 1979.9 	 1527.5
1.1050E+00 	 3376.2 	 3.0004E+06 	 1979.9 	 1527.3
1.1051E+00 	 3376.2 	 3.0001E+06 	 1979.8 	 1527.1
1.1052E+00 	 3376.1 	 2.9997E+06 	 1979.8 	 1526.9
1.1053E+00 	 3376.1 	 2.9994E+06 	 1979.8 	 1526.7
1.1054E+00 	 3376.0 	 2.9990E+06 	 1979.8 	 1526.5
1.1055E+00 	 3376.0 	 2.9987E+06 	 1979.8 	 1526.3
1.1057E+00 	 3375.9 	 2.9983E+06 	 1979.7 	 1526.1
1.1058E+00 	 3375.9 	 2.9979E+06 	 1979.7 	 1525.9
1.1059E+00 	 3375.8 	 2.9976E+06 	 1979.7 	 1525.7
1.1060E+00 	 3375.7 	 2.9972E+06 	 1979.7 	 1525.5
1.1061E+00 	 3375.7 	 2.9969E+06 	 1979.7 	 1525.3
1.1062E+00 	 3375.6 	 2.9965E+06 	 1979.7 	 1525.1
1.1063E+00 	 3375.6 	 2.9962E+06 	 1979.6 	 1524.9
1.1064E+00 	 3375.5 	 2.9958E+06 	 1979.6 	 1524.7
1.1065E+00 	 3375.5 	 2.9955E+06 	 1979.6 	 1524.5
1.1067E+00 	 3375.4 	 2.9951E+06 	 1979.6 	 1524.3
1.1068E+00 	 3375.4 	 2.9948E+06 	 1979.6 	 1524.1
1.1069E+00 	 3375.3 	 2.9944E+06 	 1979.5 	 1523.9
1.1070E+00 	 3375.3 	 2.9940E+06 	 1979.5 	 1523.7
1.1071E+00 	 3375.2 	 2.9937E+06 	 1979.5 	 1523.5
1.1072E+00 	 3375.2 	 2.9933E+06 	 1979.5 	 1523.3
1.1073E+00 	 3375.1 	 2.9930E+06 	 1979.5 	 1523.1
1.1074E+00 	 3375.1 	 2.9926E+06 	 1979.5 	 1522.9
1.1075E+00 	 3375.0 	 2.9923E+06 	 1979.4 	 1522.7
1.1077E+00 	 3375.0 	 2.9919E+06 	 1979.4 	 1522.5
1.1078E+00 	 3374.9 	 2.9916E+06 	 1979.4 	 1522.3
1.1079E+00 	 3374.9 	 2.9912E+06 	 1979.4 	 1522.1
1.1080E+00 	 3374.8 	 2.9909E+06 	 1979.4 	 1521.9
1.1081E+00 	 3374.8 	 2.9905E+06 	 1979.3 	 1521.7
1.1082E+00 	 3374.7 	 2.9902E+06 	 1979.3 	 1521.5
1.1083E+00 	 3374.7 	 2.9898E+06 	 1979.3 	 1521.3
1.1084E+00 	 3374.6 	 2.9894E+06 	 1979.3 	 1521.1
1.1085E+00 	 3374.6 	 2.9891E+06 	 1979.3 	 1520.9
1.1086E+00 	 3374.5 	 2.9887E+06 	 1979.3 	 1520.7
1.1088E+00 	 3374.5 	 2.9884E+06 	 1979.2 	 1520.6
1.1089E+00 	 3374.4 	 2.9880E+06 	 1979.2 	 1520.4
1.1090E+00 	 3374.4 	 2.9877E+06 	 1979.2 	 1520.2
1.1091E+00 	 3374.3 	 2.9873E+06 	 1979.2 	 1520.0
1.1092E+00 	 3374.3 	 2.9870E+06 	 1979.2 	 1519.8
1.1093E+00 	 3374.2 	 2.9866E+06 	 1979.2 	 1519.6
1.1094E+00 	 3374.2 	 2.9863E+06 	 1979.1 	 1519.4
1.1095E+00 	 3374.1 	 2.9859E+06 	 1979.1 	 1519.2
1.1096E+00 	 3374.1 	 2.9856E+06 	 1979.1 	 1519.0
1.1098E+00 	 3374.0 	 2.9852E+06 	 1979.1 	 1518.8
1.1099E+00 	 3374.0 	 2.9849E+06 	 1979.1 	 1518.6
1.1100E+00 	 3373.9 	 2.9845E+06 	 1979.0 	 1518.4
1.1101E+00 	 3373.9 	 2.9842E+06 	 1979.0 	 1518.2
1.1102E+00 	 3373.8 	 2.9838E+06 	 1979.0 	 1518.0
1.1103E+00 	 3373.8 	 2.9834E+06 	 1979.0 	 1517.8
1.1104E+00 	 3373.7 	 2.9831E+06 	 1979.0 	 1517.6
1.1105E+00 	 3373.7 	 2.9827E+06 	 1979.0 	 1517.4
1.1106E+00 	 3373.6 	 2.9824E+06 	 1978.9 	 1517.2
1.1108E+00 	 3373.6 	 2.9820E+06 	 1978.9 	 1517.0
1.1109E+00 	 3373.5 	 2.9817E+06 	 1978.9 	 1516.8
1.1110E+00 	 3373.5 	 2.9813E+06 	 1978.9 	 1516.6
1.1111E+00 	 3373.4 	 2.9810E+06 	 1978.9 	 1516.4
1.1112E+00 	 3373.4 	 2.9806E+06 	 1978.8 	 1516.2
1.1113E+00 	 3373.3 	 2.9803E+06 	 1978.8 	 1516.0
1.1114E+00 	 3373.3 	 2.9799E+06 	 1978.8 	 1515.8
1.1115E+00 	 3373.2 	 2.9796E+06 	 1978.8 	 1515.6
1.1116E+00 	 3373.2 	 2.9792E+06 	 1978.8 	 1515.4
1.1118E+00 	 3373.1 	 2.9789E+06 	 1978.8 	 1515.2
1.1119E+00 	 3373.1 	 2.9785E+06 	 1978.7 	 1515.0
1.1120E+00 	 3373.0 	 2.9782E+06 	 1978.7 	 1514.8
1.1121E+00 	 3373.0 	 2.9778E+06 	 1978.7 	 1514.6
1.1122E+00 	 3372.9 	 2.9775E+06 	 1978.7 	 1514.4
1.1123E+00 	 3372.9 	 2.9771E+06 	 1978.7 	 1514.2
1.1124E+00 	 3372.8 	 2.9768E+06 	 1978.6 	 1514.0
1.1125E+00 	 3372.8 	 2.9764E+06 	 1978.6 	 1513.8
1.1126E+00 	 3372.7 	 2.9760E+06 	 1978.6 	 1513.6
1.1128E+00 	 3372.7 	 2.9757E+06 	 1978.6 	 1513.4
1.1129E+00 	 3372.6 	 2.9753E+06 	 1978.6 	 1513.2
1.1130E+00 	 3372.6 	 2.9750E+06 	 1978.6 	 1513.0
1.1131E+00 	 3372.5 	 2.9746E+06 	 1978.5 	 1512.8
1.1132E+00 	 3372.5 	 2.9743E+06 	 1978.5 	 1512.6
1.1133E+00 	 3372.4 	 2.9739E+06 	 1978.5 	 1512.4
1.1134E+00 	 3372.4 	 2.9736E+06 	 1978.5 	 1512.2
1.1135E+00 	 3372.3 	 2.9732E+06 	 1978.5 	 1512.0
1.1136E+00 	 3372.3 	 2.9729E+06 	 1978.4 	 1511.8
1.1138E+00 	 3372.2 	 2.9725E+06 	 1978.4 	 1511.6
1.1139E+00 	 3372.2 	 2.9722E+06 	 1978.4 	 1511.4
1.1140E+00 	 3372.1 	 2.9718E+06 	 1978.4 	 1511.3
1.1141E+00 	 3372.1 	 2.9715E+06 	 1978.4 	 1511.1
1.1142E+00 	 3372.0 	 2.9711E+06 	 1978.4 	 1510.9
1.1143E+00 	 3372.0 	 2.9708E+06 	 1978.3 	 1510.7
1.1144E+00 	 3371.9 	 2.9704E+06 	 1978.3 	 1510.5
1.1145E+00 	 3371.9 	 2.9701E+06 	 1978.3 	 1510.3
1.1147E+00 	 3371.8 	 2.9697E+06 	 1978.3 	 1510.1
1.1148E+00 	 3371.8 	 2.9694E+06 	 1978.3 	 1509.9
1.1149E+00 	 3371.7 	 2.9690E+06 	 1978.2 	 1509.7
1.1150E+00 	 3371.7 	 2.9687E+06 	 1978.2 	 1509.5
1.1151E+00 	 3371.6 	 2.9683E+06 	 1978.2 	 1509.3
1.1152E+00 	 3371.6 	 2.9680E+06 	 1978.2 	 1509.1
1.1153E+00 	 3371.5 	 2.9676E+06 	 1978.2 	 1508.9
1.1154E+00 	 3371.5 	 2.9673E+06 	 1978.2 	 1508.7
1.1155E+00 	 3371.4 	 2.9669E+06 	 1978.1 	 1508.5
1.1157E+00 	 3371.4 	 2.9666E+06 	 1978.1 	 1508.3
1.1158E+00 	 3371.3 	 2.9662E+06 	 1978.1 	 1508.1
1.1159E+00 	 3371.3 	 2.9659E+06 	 1978.1 	 1507.9
1.1160E+00 	 3371.2 	 2.9655E+06 	 1978.1 	 1507.7
1.1161E+00 	 3371.2 	 2.9652E+06 	 1978.1 	 1507.5
1.1162E+00 	 3371.1 	 2.9648E+06 	 1978.0 	 1507.3
1.1163E+00 	 3371.1 	 2.9645E+06 	 1978.0 	 1507.1
1.1164E+00 	 3371.0 	 2.9641E+06 	 1978.0 	 1506.9
1.1165E+00 	 3371.0 	 2.9638E+06 	 1978.0 	 1506.7
1.1167E+00 	 3370.9 	 2.9634E+06 	 1978.0 	 1506.5
1.1168E+00 	 3370.9 	 2.9631E+06 	 1977.9 	 1506.3
1.1169E+00 	 3370.8 	 2.9627E+06 	 1977.9 	 1506.1
1.1170E+00 	 3370.8 	 2.9624E+06 	 1977.9 	 1505.9
1.1171E+00 	 3370.7 	 2.9620E+06 	 1977.9 	 1505.7
1.1172E+00 	 3370.7 	 2.9617E+06 	 1977.9 	 1505.5
1.1173E+00 	 3370.6 	 2.9613E+06 	 1977.9 	 1505.3
1.1174E+00 	 3370.6 	 2.9610E+06 	 1977.8 	 1505.1
1.1176E+00 	 3370.5 	 2.9606E+06 	 1977.8 	 1504.9
1.1177E+00 	 3370.5 	 2.9603E+06 	 1977.8 	 1504.7
1.1178E+00 	 3370.4 	 2.9599E+06 	 1977.8 	 1504.5
1.1179E+00 	 3370.4 	 2.9596E+06 	 1977.8 	 1504.3
1.1180E+00 	 3370.3 	 2.9592E+06 	 1977.7 	 1504.1
1.1181E+00 	 3370.3 	 2.9589E+06 	 1977.7 	 1503.9
1.1182E+00 	 3370.2 	 2.9585E+06 	 1977.7 	 1503.7
1.1183E+00 	 3370.2 	 2.9582E+06 	 1977.7 	 1503.5
1.1184E+00 	 3370.1 	 2.9578E+06 	 1977.7 	 1503.3
1.1186E+00 	 3370.1 	 2.9575E+06 	 1977.7 	 1503.1
1.1187E+00 	 3370.0 	 2.9571E+06 	 1977.6 	 1502.9
1.1188E+00 	 3369.9 	 2.9568E+06 	 1977.6 	 1502.7
1.1189E+00 	 3369.9 	 2.9564E+06 	 1977.6 	 1502.5
1.1190E+00 	 3369.8 	 2.9561E+06 	 1977.6 	 1502.4
1.1191E+00 	 3369.8 	 2.9557E+06 	 1977.6 	 1502.2
1.1192E+00 	 3369.7 	 2.9554E+06 	 1977.5 	 1502.0
1.1193E+00 	 3369.7 	 2.9550E+06 	 1977.5 	 1501.8
1.1195E+00 	 3369.6 	 2.9547E+06 	 1977.5 	 1501.6
1.1196E+00 	 3369.6 	 2.9543E+06 	 1977.5 	 1501.4
1.1197E+00 	 3369.5 	 2.9540E+06 	 1977.5 	 1501.2
1.1198E+00 	 3369.5 	 2.9536E+06 	 1977.5 	 1501.0
1.1199E+00 	 3369.4 	 2.9533E+06 	 1977.4 	 1500.8
1.1200E+00 	 3369.4 	 2.9529E+06 	 1977.4 	 1500.6
1.1201E+00 	 3369.3 	 2.9526E+06 	 1977.4 	 1500.4
1.1202E+00 	 3369.3 	 2.9522E+06 	 1977.4 	 1500.2
1.1203E+00 	 3369.2 	 2.9519E+06 	 1977.4 	 1500.0
1.1205E+00 	 3369.2 	 2.9515E+06 	 1977.3 	 1499.8
1.1206E+00 	 3369.1 	 2.9512E+06 	 1977.3 	 1499.6
1.1207E+00 	 3369.1 	 2.9508E+06 	 1977.3 	 1499.4
1.1208E+00 	 3369.0 	 2.9505E+06 	 1977.3 	 1499.2
1.1209E+00 	 3369.0 	 2.9501E+06 	 1977.3 	 1499.0
1.1210E+00 	 3368.9 	 2.9498E+06 	 1977.3 	 1498.8
1.1211E+00 	 3368.9 	 2.9494E+06 	 1977.2 	 1498.6
1.1212E+00 	 3368.8 	 2.9491E+06 	 1977.2 	 1498.4
1.1214E+00 	 3368.8 	 2.9487E+06 	 1977.2 	 1498.2
1.1215E+00 	 3368.7 	 2.9484E+06 	 1977.2 	 1498.0
1.1216E+00 	 3368.7 	 2.9480E+06 	 1977.2 	 1497.8
1.1217E+00 	 3368.6 	 2.9477E+06 	 1977.2 	 1497.6
1.1218E+00 	 3368.6 	 2.9473E+06 	 1977.1 	 1497.4
1.1219E+00 	 3368.5 	 2.9470E+06 	 1977.1 	 1497.2
1.1220E+00 	 3368.5 	 2.9466E+06 	 1977.1 	 1497.0
1.1221E+00 	 3368.4 	 2.9463E+06 	 1977.1 	 1496.8
1.1223E+00 	 3368.4 	 2.9459E+06 	 1977.1 	 1496.6
1.1224E+00 	 3368.3 	 2.9456E+06 	 1977.0 	 1496.4
1.1225E+00 	 3368.3 	 2.9452E+06 	 1977.0 	 1496.2
1.1226E+00 	 3368.2 	 2.9449E+06 	 1977.0 	 1496.0
1.1227E+00 	 3368.2 	 2.9446E+06 	 1977.0 	 1495.8
1.1228E+00 	 3368.1 	 2.9442E+06 	 1977.0 	 1495.6
1.1229E+00 	 3368.1 	 2.9439E+06 	 1977.0 	 1495.4
1.1230E+00 	 3368.0 	 2.9435E+06 	 1976.9 	 1495.2
1.1232E+00 	 3368.0 	 2.9432E+06 	 1976.9 	 1495.0
1.1233E+00 	 3367.9 	 2.9428E+06 	 1976.9 	 1494.8
1.1234E+00 	 3367.9 	 2.9425E+06 	 1976.9 	 1494.6
1.1235E+00 	 3367.8 	 2.9421E+06 	 1976.9 	 1494.4
1.1236E+00 	 3367.8 	 2.9418E+06 	 1976.8 	 1494.2
1.1237E+00 	 3367.7 	 2.9414E+06 	 1976.8 	 1494.0
1.1238E+00 	 3367.7 	 2.9411E+06 	 1976.8 	 1493.8
1.1239E+00 	 3367.6 	 2.9407E+06 	 1976.8 	 1493.7
1.1241E+00 	 3367.6 	 2.9404E+06 	 1976.8 	 1493.5
1.1242E+00 	 3367.5 	 2.9400E+06 	 1976.8 	 1493.3
1.1243E+00 	 3367.5 	 2.9397E+06 	 1976.7 	 1493.1
1.1244E+00 	 3367.4 	 2.9393E+06 	 1976.7 	 1492.9
1.1245E+00 	 3367.4 	 2.9390E+06 	 1976.7 	 1492.7
1.1246E+00 	 3367.3 	 2.9386E+06 	 1976.7 	 1492.5
1.1247E+00 	 3367.3 	 2.9383E+06 	 1976.7 	 1492.3
1.1248E+00 	 3367.2 	 2.9379E+06 	 1976.6 	 1492.1
1.1250E+00 	 3367.2 	 2.9376E+06 	 1976.6 	 1491.9
1.1251E+00 	 3367.1 	 2.9373E+06 	 1976.6 	 1491.7
1.1252E+00 	 3367.1 	 2.9369E+06 	 1976.6 	 1491.5
1.1253E+00 	 3367.0 	 2.9366E+06 	 1976.6 	 1491.3
1.1254E+00 	 3367.0 	 2.9362E+06 	 1976.6 	 1491.1
1.1255E+00 	 3366.9 	 2.9359E+06 	 1976.5 	 1490.9
1.1256E+00 	 3366.9 	 2.9355E+06 	 1976.5 	 1490.7
1.1257E+00 	 3366.8 	 2.9352E+06 	 1976.5 	 1490.5
1.1259E+00 	 3366.8 	 2.9348E+06 	 1976.5 	 1490.3
1.1260E+00 	 3366.7 	 2.9345E+06 	 1976.5 	 1490.1
1.1261E+00 	 3366.7 	 2.9341E+06 	 1976.4 	 1489.9
1.1262E+00 	 3366.6 	 2.9338E+06 	 1976.4 	 1489.7
1.1263E+00 	 3366.6 	 2.9334E+06 	 1976.4 	 1489.5
1.1264E+00 	 3366.5 	 2.9331E+06 	 1976.4 	 1489.3
1.1265E+00 	 3366.5 	 2.9327E+06 	 1976.4 	 1489.1
1.1266E+00 	 3366.4 	 2.9324E+06 	 1976.4 	 1488.9
1.1268E+00 	 3366.4 	 2.9320E+06 	 1976.3 	 1488.7
1.1269E+00 	 3366.3 	 2.9317E+06 	 1976.3 	 1488.5
1.1270E+00 	 3366.3 	 2.9314E+06 	 1976.3 	 1488.3
1.1271E+00 	 3366.2 	 2.9310E+06 	 1976.3 	 1488.1
1.1272E+00 	 3366.2 	 2.9307E+06 	 1976.3 	 1487.9
1.1273E+00 	 3366.1 	 2.9303E+06 	 1976.3 	 1487.7
1.1274E+00 	 3366.1 	 2.9300E+06 	 1976.2 	 1487.5
1.1275E+00 	 3366.0 	 2.9296E+06 	 1976.2 	 1487.3
1.1277E+00 	 3366.0 	 2.9293E+06 	 1976.2 	 1487.1
1.1278E+00 	 3365.9 	 2.9289E+06 	 1976.2 	 1486.9
1.1279E+00 	 3365.9 	 2.9286E+06 	 1976.2 	 1486.7
1.1280E+00 	 3365.8 	 2.9282E+06 	 1976.1 	 1486.5
1.1281E+00 	 3365.8 	 2.9279E+06 	 1976.1 	 1486.3
1.1282E+00 	 3365.7 	 2.9275E+06 	 1976.1 	 1486.1
1.1283E+00 	 3365.7 	 2.9272E+06 	 1976.1 	 1485.9
1.1284E+00 	 3365.6 	 2.9269E+06 	 1976.1 	 1485.7
1.1286E+00 	 3365.6 	 2.9265E+06 	 1976.1 	 1485.5
1.1287E+00 	 3365.5 	 2.9262E+06 	 1976.0 	 1485.4
1.1288E+00 	 3365.5 	 2.9258E+06 	 1976.0 	 1485.2
1.1289E+00 	 3365.4 	 2.9255E+06 	 1976.0 	 1485.0
1.1290E+00 	 3365.4 	 2.9251E+06 	 1976.0 	 1484.8
1.1291E+00 	 3365.3 	 2.9248E+06 	 1976.0 	 1484.6
1.1292E+00 	 3365.3 	 2.9244E+06 	 1975.9 	 1484.4
1.1293E+00 	 3365.2 	 2.9241E+06 	 1975.9 	 1484.2
1.1295E+00 	 3365.2 	 2.9237E+06 	 1975.9 	 1484.0
1.1296E+00 	 3365.1 	 2.9234E+06 	 1975.9 	 1483.8
1.1297E+00 	 3365.1 	 2.9230E+06 	 1975.9 	 1483.6
1.1298E+00 	 3365.0 	 2.9227E+06 	 1975.9 	 1483.4
1.1299E+00 	 3365.0 	 2.9224E+06 	 1975.8 	 1483.2
1.1300E+00 	 3364.9 	 2.9220E+06 	 1975.8 	 1483.0
1.1301E+00 	 3364.9 	 2.9217E+06 	 1975.8 	 1482.8
1.1303E+00 	 3364.8 	 2.9213E+06 	 1975.8 	 1482.6
1.1304E+00 	 3364.8 	 2.9210E+06 	 1975.8 	 1482.4
1.1305E+00 	 3364.7 	 2.9206E+06 	 1975.7 	 1482.2
1.1306E+00 	 3364.7 	 2.9203E+06 	 1975.7 	 1482.0
1.1307E+00 	 3364.6 	 2.9199E+06 	 1975.7 	 1481.8
1.1308E+00 	 3364.6 	 2.9196E+06 	 1975.7 	 1481.6
1.1309E+00 	 3364.5 	 2.9192E+06 	 1975.7 	 1481.4
1.1310E+00 	 3364.5 	 2.9189E+06 	 1975.7 	 1481.2
1.1312E+00 	 3364.4 	 2.9186E+06 	 1975.6 	 1481.0
1.1313E+00 	 3364.4 	 2.9182E+06 	 1975.6 	 1480.8
1.1314E+00 	 3364.3 	 2.9179E+06 	 1975.6 	 1480.6
1.1315E+00 	 3364.3 	 2.9175E+06 	 1975.6 	 1480.4
1.1316E+00 	 3364.2 	 2.9172E+06 	 1975.6 	 1480.2
1.1317E+00 	 3364.2 	 2.9168E+06 	 1975.6 	 1480.0
1.1318E+00 	 3364.1 	 2.9165E+06 	 1975.5 	 1479.8
1.1319E+00 	 3364.1 	 2.9161E+06 	 1975.5 	 1479.6
1.1321E+00 	 3364.0 	 2.9158E+06 	 1975.5 	 1479.4
1.1322E+00 	 3364.0 	 2.9155E+06 	 1975.5 	 1479.2
1.1323E+00 	 3363.9 	 2.9151E+06 	 1975.5 	 1479.0
1.1324E+00 	 3363.9 	 2.9148E+06 	 1975.4 	 1478.8
1.1325E+00 	 3363.8 	 2.9144E+06 	 1975.4 	 1478.6
1.1326E+00 	 3363.8 	 2.9141E+06 	 1975.4 	 1478.4
1.1327E+00 	 3363.7 	 2.9137E+06 	 1975.4 	 1478.2
1.1329E+00 	 3363.7 	 2.9134E+06 	 1975.4 	 1478.0
1.1330E+00 	 3363.6 	 2.9130E+06 	 1975.4 	 1477.8
1.1331E+00 	 3363.6 	 2.9127E+06 	 1975.3 	 1477.6
1.1332E+00 	 3363.5 	 2.9124E+06 	 1975.3 	 1477.4
1.1333E+00 	 3363.5 	 2.9120E+06 	 1975.3 	 1477.3
1.1334E+00 	 3363.4 	 2.9117E+06 	 1975.3 	 1477.1
1.1335E+00 	 3363.4 	 2.9113E+06 	 1975.3 	 1476.9
1.1336E+00 	 3363.3 	 2.9110E+06 	 1975.2 	 1476.7
1.1338E+00 	 3363.3 	 2.9106E+06 	 1975.2 	 1476.5
1.1339E+00 	 3363.2 	 2.9103E+06 	 1975.2 	 1476.3
1.1340E+00 	 3363.1 	 2.9099E+06 	 1975.2 	 1476.1
1.1341E+00 	 3363.1 	 2.9096E+06 	 1975.2 	 1475.9
1.1342E+00 	 3363.0 	 2.9093E+06 	 1975.2 	 1475.7
1.1343E+00 	 3363.0 	 2.9089E+06 	 1975.1 	 1475.5
1.1344E+00 	 3362.9 	 2.9086E+06 	 1975.1 	 1475.3
1.1346E+00 	 3362.9 	 2.9082E+06 	 1975.1 	 1475.1
1.1347E+00 	 3362.8 	 2.9079E+06 	 1975.1 	 1474.9
1.1348E+00 	 3362.8 	 2.9075E+06 	 1975.1 	 1474.7
1.1349E+00 	 3362.7 	 2.9072E+06 	 1975.0 	 1474.5
1.1350E+00 	 3362.7 	 2.9069E+06 	 1975.0 	 1474.3
1.1351E+00 	 3362.6 	 2.9065E+06 	 1975.0 	 1474.1
1.1352E+00 	 3362.6 	 2.9062E+06 	 1975.0 	 1473.9
1.1353E+00 	 3362.5 	 2.9058E+06 	 1975.0 	 1473.7
1.1355E+00 	 3362.5 	 2.9055E+06 	 1975.0 	 1473.5
1.1356E+00 	 3362.4 	 2.9051E+06 	 1974.9 	 1473.3
1.1357E+00 	 3362.4 	 2.9048E+06 	 1974.9 	 1473.1
1.1358E+00 	 3362.3 	 2.9044E+06 	 1974.9 	 1472.9
1.1359E+00 	 3362.3 	 2.9041E+06 	 1974.9 	 1472.7
1.1360E+00 	 3362.2 	 2.9038E+06 	 1974.9 	 1472.5
1.1361E+00 	 3362.2 	 2.9034E+06 	 1974.8 	 1472.3
1.1363E+00 	 3362.1 	 2.9031E+06 	 1974.8 	 1472.1
1.1364E+00 	 3362.1 	 2.9027E+06 	 1974.8 	 1471.9
1.1365E+00 	 3362.0 	 2.9024E+06 	 1974.8 	 1471.7
1.1366E+00 	 3362.0 	 2.9020E+06 	 1974.8 	 1471.5
1.1367E+00 	 3361.9 	 2.9017E+06 	 1974.8 	 1471.3
1.1368E+00 	 3361.9 	 2.9014E+06 	 1974.7 	 1471.1
1.1369E+00 	 3361.8 	 2.9010E+06 	 1974.7 	 1470.9
1.1371E+00 	 3361.8 	 2.9007E+06 	 1974.7 	 1470.7
1.1372E+00 	 3361.7 	 2.9003E+06 	 1974.7 	 1470.5
1.1373E+00 	 3361.7 	 2.9000E+06 	 1974.7 	 1470.3
1.1374E+00 	 3361.6 	 2.8996E+06 	 1974.7 	 1470.1
1.1375E+00 	 3361.6 	 2.8993E+06 	 1974.6 	 1469.9
1.1376E+00 	 3361.5 	 2.8990E+06 	 1974.6 	 1469.7
1.1377E+00 	 3361.5 	 2.8986E+06 	 1974.6 	 1469.5
1.1378E+00 	 3361.4 	 2.8983E+06 	 1974.6 	 1469.4
1.1380E+00 	 3361.4 	 2.8979E+06 	 1974.6 	 1469.2
1.1381E+00 	 3361.3 	 2.8976E+06 	 1974.5 	 1469.0
1.1382E+00 	 3361.3 	 2.8972E+06 	 1974.5 	 1468.8
1.1383E+00 	 3361.2 	 2.8969E+06 	 1974.5 	 1468.6
1.1384E+00 	 3361.2 	 2.8966E+06 	 1974.5 	 1468.4
1.1385E+00 	 3361.1 	 2.8962E+06 	 1974.5 	 1468.2
1.1386E+00 	 3361.1 	 2.8959E+06 	 1974.5 	 1468.0
1.1388E+00 	 3361.0 	 2.8955E+06 	 1974.4 	 1467.8
1.1389E+00 	 3361.0 	 2.8952E+06 	 1974.4 	 1467.6
1.1390E+00 	 3360.9 	 2.8948E+06 	 1974.4 	 1467.4
1.1391E+00 	 3360.9 	 2.8945E+06 	 1974.4 	 1467.2
1.1392E+00 	 3360.8 	 2.8942E+06 	 1974.4 	 1467.0
1.1393E+00 	 3360.8 	 2.8938E+06 	 1974.3 	 1466.8
1.1394E+00 	 3360.7 	 2.8935E+06 	 1974.3 	 1466.6
1.1396E+00 	 3360.7 	 2.8931E+06 	 1974.3 	 1466.4
1.1397E+00 	 3360.6 	 2.8928E+06 	 1974.3 	 1466.2
1.1398E+00 	 3360.6 	 2.8925E+06 	 1974.3 	 1466.0
1.1399E+00 	 3360.5 	 2.8921E+06 	 1974.3 	 1465.8
1.1400E+00 	 3360.5 	 2.8918E+06 	 1974.2 	 1465.6
1.1401E+00 	 3360.4 	 2.8914E+06 	 1974.2 	 1465.4
1.1402E+00 	 3360.4 	 2.8911E+06 	 1974.2 	 1465.2
1.1404E+00 	 3360.3 	 2.8907E+06 	 1974.2 	 1465.0
1.1405E+00 	 3360.3 	 2.8904E+06 	 1974.2 	 1464.8
1.1406E+00 	 3360.2 	 2.8901E+06 	 1974.1 	 1464.6
1.1407E+00 	 3360.2 	 2.8897E+06 	 1974.1 	 1464.4
1.1408E+00 	 3360.1 	 2.8894E+06 	 1974.1 	 1464.2
1.1409E+00 	 3360.1 	 2.8890E+06 	 1974.1 	 1464.0
1.1410E+00 	 3360.0 	 2.8887E+06 	 1974.1 	 1463.8
1.1412E+00 	 3360.0 	 2.8884E+06 	 1974.1 	 1463.6
1.1413E+00 	 3359.9 	 2.8880E+06 	 1974.0 	 1463.4
1.1414E+00 	 3359.9 	 2.8877E+06 	 1974.0 	 1463.2
1.1415E+00 	 3359.8 	 2.8873E+06 	 1974.0 	 1463.0
1.1416E+00 	 3359.8 	 2.8870E+06 	 1974.0 	 1462.8
1.1417E+00 	 3359.7 	 2.8866E+06 	 1974.0 	 1462.6
1.1418E+00 	 3359.7 	 2.8863E+06 	 1974.0 	 1462.4
1.1420E+00 	 3359.6 	 2.8860E+06 	 1973.9 	 1462.2
1.1421E+00 	 3359.6 	 2.8856E+06 	 1973.9 	 1462.0
1.1422E+00 	 3359.5 	 2.8853E+06 	 1973.9 	 1461.9
1.1423E+00 	 3359.5 	 2.8849E+06 	 1973.9 	 1461.7
1.1424E+00 	 3359.4 	 2.8846E+06 	 1973.9 	 1461.5
1.1425E+00 	 3359.4 	 2.8843E+06 	 1973.8 	 1461.3
1.1426E+00 	 3359.3 	 2.8839E+06 	 1973.8 	 1461.1
1.1428E+00 	 3359.3 	 2.8836E+06 	 1973.8 	 1460.9
1.1429E+00 	 3359.2 	 2.8832E+06 	 1973.8 	 1460.7
1.1430E+00 	 3359.2 	 2.8829E+06 	 1973.8 	 1460.5
1.1431E+00 	 3359.1 	 2.8826E+06 	 1973.8 	 1460.3
1.1432E+00 	 3359.1 	 2.8822E+06 	 1973.7 	 1460.1
1.1433E+00 	 3359.0 	 2.8819E+06 	 1973.7 	 1459.9
1.1434E+00 	 3359.0 	 2.8815E+06 	 1973.7 	 1459.7
1.1436E+00 	 3358.9 	 2.8812E+06 	 1973.7 	 1459.5
1.1437E+00 	 3358.9 	 2.8808E+06 	 1973.7 	 1459.3
1.1438E+00 	 3358.8 	 2.8805E+06 	 1973.6 	 1459.1
1.1439E+00 	 3358.8 	 2.8802E+06 	 1973.6 	 1458.9
1.1440E+00 	 3358.7 	 2.8798E+06 	 1973.6 	 1458.7
1.1441E+00 	 3358.7 	 2.8795E+06 	 1973.6 	 1458.5
1.1442E+00 	 3358.6 	 2.8791E+06 	 1973.6 	 1458.3
1.1444E+00 	 3358.6 	 2.8788E+06 	 1973.6 	 1458.1
1.1445E+00 	 3358.5 	 2.8785E+06 	 1973.5 	 1457.9
1.1446E+00 	 3358.5 	 2.8781E+06 	 1973.5 	 1457.7
1.1447E+00 	 3358.4 	 2.8778E+06 	 1973.5 	 1457.5
1.1448E+00 	 3358.4 	 2.8774E+06 	 1973.5 	 1457.3
1.1449E+00 	 3358.3 	 2.8771E+06 	 1973.5 	 1457.1
1.1450E+00 	 3358.3 	 2.8768E+06 	 1973.4 	 1456.9
1.1452E+00 	 3358.2 	 2.8764E+06 	 1973.4 	 1456.7
1.1453E+00 	 3358.2 	 2.8761E+06 	 1973.4 	 1456.5
1.1454E+00 	 3358.1 	 2.8757E+06 	 1973.4 	 1456.3
1.1455E+00 	 3358.1 	 2.8754E+06 	 1973.4 	 1456.1
1.1456E+00 	 3358.0 	 2.8751E+06 	 1973.4 	 1455.9
1.1457E+00 	 3358.0 	 2.8747E+06 	 1973.3 	 1455.7
1.1458E+00 	 3357.9 	 2.8744E+06 	 1973.3 	 1455.5
1.1460E+00 	 3357.9 	 2.8740E+06 	 1973.3 	 1455.3
1.1461E+00 	 3357.8 	 2.8737E+06 	 1973.3 	 1455.1
1.1462E+00 	 3357.8 	 2.8734E+06 	 1973.3 	 1454.9
1.1463E+00 	 3357.7 	 2.8730E+06 	 1973.3 	 1454.7
1.1464E+00 	 3357.7 	 2.8727E+06 	 1973.2 	 1454.5
1.1465E+00 	 3357.6 	 2.8723E+06 	 1973.2 	 1454.4
1.1466E+00 	 3357.6 	 2.8720E+06 	 1973.2 	 1454.2
1.1468E+00 	 3357.5 	 2.8717E+06 	 1973.2 	 1454.0
1.1469E+00 	 3357.5 	 2.8713E+06 	 1973.2 	 1453.8
1.1470E+00 	 3357.4 	 2.8710E+06 	 1973.1 	 1453.6
1.1471E+00 	 3357.4 	 2.8706E+06 	 1973.1 	 1453.4
1.1472E+00 	 3357.3 	 2.8703E+06 	 1973.1 	 1453.2
1.1473E+00 	 3357.3 	 2.8700E+06 	 1973.1 	 1453.0
1.1474E+00 	 3357.2 	 2.8696E+06 	 1973.1 	 1452.8
1.1476E+00 	 3357.2 	 2.8693E+06 	 1973.1 	 1452.6
1.1477E+00 	 3357.1 	 2.8690E+06 	 1973.0 	 1452.4
1.1478E+00 	 3357.1 	 2.8686E+06 	 1973.0 	 1452.2
1.1479E+00 	 3357.0 	 2.8683E+06 	 1973.0 	 1452.0
1.1480E+00 	 3357.0 	 2.8679E+06 	 1973.0 	 1451.8
1.1481E+00 	 3356.9 	 2.8676E+06 	 1973.0 	 1451.6
1.1483E+00 	 3356.9 	 2.8673E+06 	 1972.9 	 1451.4
1.1484E+00 	 3356.8 	 2.8669E+06 	 1972.9 	 1451.2
1.1485E+00 	 3356.8 	 2.8666E+06 	 1972.9 	 1451.0
1.1486E+00 	 3356.7 	 2.8662E+06 	 1972.9 	 1450.8
1.1487E+00 	 3356.7 	 2.8659E+06 	 1972.9 	 1450.6
1.1488E+00 	 3356.6 	 2.8656E+06 	 1972.9 	 1450.4
1.1489E+00 	 3356.6 	 2.8652E+06 	 1972.8 	 1450.2
1.1491E+00 	 3356.5 	 2.8649E+06 	 1972.8 	 1450.0
1.1492E+00 	 3356.5 	 2.8645E+06 	 1972.8 	 1449.8
1.1493E+00 	 3356.4 	 2.8642E+06 	 1972.8 	 1449.6
1.1494E+00 	 3356.4 	 2.8639E+06 	 1972.8 	 1449.4
1.1495E+00 	 3356.3 	 2.8635E+06 	 1972.7 	 1449.2
1.1496E+00 	 3356.3 	 2.8632E+06 	 1972.7 	 1449.0
1.1497E+00 	 3356.2 	 2.8629E+06 	 1972.7 	 1448.8
1.1499E+00 	 3356.2 	 2.8625E+06 	 1972.7 	 1448.6
1.1500E+00 	 3356.1 	 2.8622E+06 	 1972.7 	 1448.4
1.1501E+00 	 3356.1 	 2.8618E+06 	 1972.7 	 1448.2
1.1502E+00 	 3356.0 	 2.8615E+06 	 1972.6 	 1448.0
1.1503E+00 	 3356.0 	 2.8612E+06 	 1972.6 	 1447.8
1.1504E+00 	 3355.9 	 2.8608E+06 	 1972.6 	 1447.6
1.1505E+00 	 3355.9 	 2.8605E+06 	 1972.6 	 1447.4
1.1507E+00 	 3355.8 	 2.8601E+06 	 1972.6 	 1447.2
1.1508E+00 	 3355.8 	 2.8598E+06 	 1972.6 	 1447.1
1.1509E+00 	 3355.7 	 2.8595E+06 	 1972.5 	 1446.9
1.1510E+00 	 3355.7 	 2.8591E+06 	 1972.5 	 1446.7
1.1511E+00 	 3355.6 	 2.8588E+06 	 1972.5 	 1446.5
1.1512E+00 	 3355.6 	 2.8585E+06 	 1972.5 	 1446.3
1.1514E+00 	 3355.5 	 2.8581E+06 	 1972.5 	 1446.1
1.1515E+00 	 3355.5 	 2.8578E+06 	 1972.4 	 1445.9
1.1516E+00 	 3355.4 	 2.8574E+06 	 1972.4 	 1445.7
1.1517E+00 	 3355.4 	 2.8571E+06 	 1972.4 	 1445.5
1.1518E+00 	 3355.3 	 2.8568E+06 	 1972.4 	 1445.3
1.1519E+00 	 3355.3 	 2.8564E+06 	 1972.4 	 1445.1
1.1520E+00 	 3355.2 	 2.8561E+06 	 1972.4 	 1444.9
1.1522E+00 	 3355.2 	 2.8558E+06 	 1972.3 	 1444.7
1.1523E+00 	 3355.1 	 2.8554E+06 	 1972.3 	 1444.5
1.1524E+00 	 3355.1 	 2.8551E+06 	 1972.3 	 1444.3
1.1525E+00 	 3355.0 	 2.8547E+06 	 1972.3 	 1444.1
1.1526E+00 	 3355.0 	 2.8544E+06 	 1972.3 	 1443.9
1.1527E+00 	 3354.9 	 2.8541E+06 	 1972.2 	 1443.7
1.1529E+00 	 3354.9 	 2.8537E+06 	 1972.2 	 1443.5
1.1530E+00 	 3354.8 	 2.8534E+06 	 1972.2 	 1443.3
1.1531E+00 	 3354.8 	 2.8531E+06 	 1972.2 	 1443.1
1.1532E+00 	 3354.7 	 2.8527E+06 	 1972.2 	 1442.9
1.1533E+00 	 3354.6 	 2.8524E+06 	 1972.2 	 1442.7
1.1534E+00 	 3354.6 	 2.8520E+06 	 1972.1 	 1442.5
1.1535E+00 	 3354.5 	 2.8517E+06 	 1972.1 	 1442.3
1.1537E+00 	 3354.5 	 2.8514E+06 	 1972.1 	 1442.1
1.1538E+00 	 3354.4 	 2.8510E+06 	 1972.1 	 1441.9
1.1539E+00 	 3354.4 	 2.8507E+06 	 1972.1 	 1441.7
1.1540E+00 	 3354.3 	 2.8504E+06 	 1972.1 	 1441.5
1.1541E+00 	 3354.3 	 2.8500E+06 	 1972.0 	 1441.3
1.1542E+00 	 3354.2 	 2.8497E+06 	 1972.0 	 1441.1
1.1544E+00 	 3354.2 	 2.8493E+06 	 1972.0 	 1440.9
1.1545E+00 	 3354.1 	 2.8490E+06 	 1972.0 	 1440.7
1.1546E+00 	 3354.1 	 2.8487E+06 	 1972.0 	 1440.5
1.1547E+00 	 3354.0 	 2.8483E+06 	 1971.9 	 1440.3
1.1548E+00 	 3354.0 	 2.8480E+06 	 1971.9 	 1440.1
1.1549E+00 	 3353.9 	 2.8477E+06 	 1971.9 	 1440.0
1.1550E+00 	 3353.9 	 2.8473E+06 	 1971.9 	 1439.8
1.1552E+00 	 3353.8 	 2.8470E+06 	 1971.9 	 1439.6
1.1553E+00 	 3353.8 	 2.8467E+06 	 1971.9 	 1439.4
1.1554E+00 	 3353.7 	 2.8463E+06 	 1971.8 	 1439.2
1.1555E+00 	 3353.7 	 2.8460E+06 	 1971.8 	 1439.0
1.1556E+00 	 3353.6 	 2.8456E+06 	 1971.8 	 1438.8
1.1557E+00 	 3353.6 	 2.8453E+06 	 1971.8 	 1438.6
1.1559E+00 	 3353.5 	 2.8450E+06 	 1971.8 	 1438.4
1.1560E+00 	 3353.5 	 2.8446E+06 	 1971.7 	 1438.2
1.1561E+00 	 3353.4 	 2.8443E+06 	 1971.7 	 1438.0
1.1562E+00 	 3353.4 	 2.8440E+06 	 1971.7 	 1437.8
1.1563E+00 	 3353.3 	 2.8436E+06 	 1971.7 	 1437.6
1.1564E+00 	 3353.3 	 2.8433E+06 	 1971.7 	 1437.4
1.1565E+00 	 3353.2 	 2.8430E+06 	 1971.7 	 1437.2
1.1567E+00 	 3353.2 	 2.8426E+06 	 1971.6 	 1437.0
1.1568E+00 	 3353.1 	 2.8423E+06 	 1971.6 	 1436.8
1.1569E+00 	 3353.1 	 2.8419E+06 	 1971.6 	 1436.6
1.1570E+00 	 3353.0 	 2.8416E+06 	 1971.6 	 1436.4
1.1571E+00 	 3353.0 	 2.8413E+06 	 1971.6 	 1436.2
1.1572E+00 	 3352.9 	 2.8409E+06 	 1971.5 	 1436.0
1.1574E+00 	 3352.9 	 2.8406E+06 	 1971.5 	 1435.8
1.1575E+00 	 3352.8 	 2.8403E+06 	 1971.5 	 1435.6
1.1576E+00 	 3352.8 	 2.8399E+06 	 1971.5 	 1435.4
1.1577E+00 	 3352.7 	 2.8396E+06 	 1971.5 	 1435.2
1.1578E+00 	 3352.7 	 2.8393E+06 	 1971.5 	 1435.0
1.1579E+00 	 3352.6 	 2.8389E+06 	 1971.4 	 1434.8
1.1581E+00 	 3352.6 	 2.8386E+06 	 1971.4 	 1434.6
1.1582E+00 	 3352.5 	 2.8383E+06 	 1971.4 	 1434.4
1.1583E+00 	 3352.5 	 2.8379E+06 	 1971.4 	 1434.2
1.1584E+00 	 3352.4 	 2.8376E+06 	 1971.4 	 1434.0
1.1585E+00 	 3352.4 	 2.8372E+06 	 1971.4 	 1433.8
1.1586E+00 	 3352.3 	 2.8369E+06 	 1971.3 	 1433.6
1.1587E+00 	 3352.3 	 2.8366E+06 	 1971.3 	 1433.4
1.1589E+00 	 3352.2 	 2.8362E+06 	 1971.3 	 1433.2
1.1590E+00 	 3352.2 	 2.8359E+06 	 1971.3 	 1433.1
1.1591E+00 	 3352.1 	 2.8356E+06 	 1971.3 	 1432.9
1.1592E+00 	 3352.1 	 2.8352E+06 	 1971.2 	 1432.7
1.1593E+00 	 3352.0 	 2.8349E+06 	 1971.2 	 1432.5
1.1594E+00 	 3352.0 	 2.8346E+06 	 1971.2 	 1432.3
1.1596E+00 	 3351.9 	 2.8342E+06 	 1971.2 	 1432.1
1.1597E+00 	 3351.9 	 2.8339E+06 	 1971.2 	 1431.9
1.1598E+00 	 3351.8 	 2.8336E+06 	 1971.2 	 1431.7
1.1599E+00 	 3351.8 	 2.8332E+06 	 1971.1 	 1431.5
1.1600E+00 	 3351.7 	 2.8329E+06 	 1971.1 	 1431.3
1.1601E+00 	 3351.7 	 2.8326E+06 	 1971.1 	 1431.1
1.1603E+00 	 3351.6 	 2.8322E+06 	 1971.1 	 1430.9
1.1604E+00 	 3351.6 	 2.8319E+06 	 1971.1 	 1430.7
1.1605E+00 	 3351.5 	 2.8316E+06 	 1971.0 	 1430.5
1.1606E+00 	 3351.5 	 2.8312E+06 	 1971.0 	 1430.3
1.1607E+00 	 3351.4 	 2.8309E+06 	 1971.0 	 1430.1
1.1608E+00 	 3351.4 	 2.8305E+06 	 1971.0 	 1429.9
1.1610E+00 	 3351.3 	 2.8302E+06 	 1971.0 	 1429.7
1.1611E+00 	 3351.3 	 2.8299E+06 	 1971.0 	 1429.5
1.1612E+00 	 3351.2 	 2.8295E+06 	 1970.9 	 1429.3
1.1613E+00 	 3351.2 	 2.8292E+06 	 1970.9 	 1429.1
1.1614E+00 	 3351.1 	 2.8289E+06 	 1970.9 	 1428.9
1.1615E+00 	 3351.1 	 2.8285E+06 	 1970.9 	 1428.7
1.1616E+00 	 3351.0 	 2.8282E+06 	 1970.9 	 1428.5
1.1618E+00 	 3351.0 	 2.8279E+06 	 1970.9 	 1428.3
1.1619E+00 	 3350.9 	 2.8275E+06 	 1970.8 	 1428.1
1.1620E+00 	 3350.9 	 2.8272E+06 	 1970.8 	 1427.9
1.1621E+00 	 3350.8 	 2.8269E+06 	 1970.8 	 1427.7
1.1622E+00 	 3350.8 	 2.8265E+06 	 1970.8 	 1427.5
1.1623E+00 	 3350.7 	 2.8262E+06 	 1970.8 	 1427.3
1.1625E+00 	 3350.7 	 2.8259E+06 	 1970.7 	 1427.1
1.1626E+00 	 3350.6 	 2.8255E+06 	 1970.7 	 1426.9
1.1627E+00 	 3350.6 	 2.8252E+06 	 1970.7 	 1426.7
1.1628E+00 	 3350.5 	 2.8249E+06 	 1970.7 	 1426.5
1.1629E+00 	 3350.5 	 2.8245E+06 	 1970.7 	 1426.4
1.1630E+00 	 3350.4 	 2.8242E+06 	 1970.7 	 1426.2
1.1632E+00 	 3350.4 	 2.8239E+06 	 1970.6 	 1426.0
1.1633E+00 	 3350.3 	 2.8235E+06 	 1970.6 	 1425.8
1.1634E+00 	 3350.3 	 2.8232E+06 	 1970.6 	 1425.6
1.1635E+00 	 3350.2 	 2.8229E+06 	 1970.6 	 1425.4
1.1636E+00 	 3350.2 	 2.8225E+06 	 1970.6 	 1425.2
1.1637E+00 	 3350.1 	 2.8222E+06 	 1970.5 	 1425.0
1.1639E+00 	 3350.1 	 2.8219E+06 	 1970.5 	 1424.8
1.1640E+00 	 3350.0 	 2.8215E+06 	 1970.5 	 1424.6
1.1641E+00 	 3350.0 	 2.8212E+06 	 1970.5 	 1424.4
1.1642E+00 	 3349.9 	 2.8209E+06 	 1970.5 	 1424.2
1.1643E+00 	 3349.9 	 2.8205E+06 	 1970.5 	 1424.0
1.1644E+00 	 3349.8 	 2.8202E+06 	 1970.4 	 1423.8
1.1646E+00 	 3349.8 	 2.8199E+06 	 1970.4 	 1423.6
1.1647E+00 	 3349.7 	 2.8195E+06 	 1970.4 	 1423.4
1.1648E+00 	 3349.7 	 2.8192E+06 	 1970.4 	 1423.2
1.1649E+00 	 3349.6 	 2.8189E+06 	 1970.4 	 1423.0
1.1650E+00 	 3349.6 	 2.8185E+06 	 1970.4 	 1422.8
1.1651E+00 	 3349.5 	 2.8182E+06 	 1970.3 	 1422.6
1.1653E+00 	 3349.5 	 2.8179E+06 	 1970.3 	 1422.4
1.1654E+00 	 3349.4 	 2.8175E+06 	 1970.3 	 1422.2
1.1655E+00 	 3349.4 	 2.8172E+06 	 1970.3 	 1422.0
1.1656E+00 	 3349.3 	 2.8169E+06 	 1970.3 	 1421.8
1.1657E+00 	 3349.3 	 2.8165E+06 	 1970.2 	 1421.6
1.1658E+00 	 3349.2 	 2.8162E+06 	 1970.2 	 1421.4
1.1660E+00 	 3349.2 	 2.8159E+06 	 1970.2 	 1421.2
1.1661E+00 	 3349.1 	 2.8155E+06 	 1970.2 	 1421.0
1.1662E+00 	 3349.1 	 2.8152E+06 	 1970.2 	 1420.8
1.1663E+00 	 3349.0 	 2.8149E+06 	 1970.2 	 1420.6
1.1664E+00 	 3349.0 	 2.8145E+06 	 1970.1 	 1420.4
1.1665E+00 	 3348.9 	 2.8142E+06 	 1970.1 	 1420.2
1.1667E+00 	 3348.9 	 2.8139E+06 	 1970.1 	 1420.0
1.1668E+00 	 3348.8 	 2.8135E+06 	 1970.1 	 1419.8
1.1669E+00 	 3348.8 	 2.8132E+06 	 1970.1 	 1419.7
1.1670E+00 	 3348.7 	 2.8129E+06 	 1970.0 	 1419.5
1.1671E+00 	 3348.7 	 2.8125E+06 	 1970.0 	 1419.3
1.1672E+00 	 3348.6 	 2.8122E+06 	 1970.0 	 1419.1
1.1674E+00 	 3348.6 	 2.8119E+06 	 1970.0 	 1418.9
1.1675E+00 	 3348.5 	 2.8115E+06 	 1970.0 	 1418.7
1.1676E+00 	 3348.5 	 2.8112E+06 	 1970.0 	 1418.5
1.1677E+00 	 3348.4 	 2.8109E+06 	 1969.9 	 1418.3
1.1678E+00 	 3348.4 	 2.8105E+06 	 1969.9 	 1418.1
1.1679E+00 	 3348.3 	 2.8102E+06 	 1969.9 	 1417.9
1.1681E+00 	 3348.3 	 2.8099E+06 	 1969.9 	 1417.7
1.1682E+00 	 3348.2 	 2.8095E+06 	 1969.9 	 1417.5
1.1683E+00 	 3348.2 	 2.8092E+06 	 1969.8 	 1417.3
1.1684E+00 	 3348.1 	 2.8089E+06 	 1969.8 	 1417.1
1.1685E+00 	 3348.1 	 2.8085E+06 	 1969.8 	 1416.9
1.1686E+00 	 3348.0 	 2.8082E+06 	 1969.8 	 1416.7
1.1688E+00 	 3348.0 	 2.8079E+06 	 1969.8 	 1416.5
1.1689E+00 	 3347.9 	 2.8075E+06 	 1969.8 	 1416.3
1.1690E+00 	 3347.9 	 2.8072E+06 	 1969.7 	 1416.1
1.1691E+00 	 3347.8 	 2.8069E+06 	 1969.7 	 1415.9
1.1692E+00 	 3347.8 	 2.8066E+06 	 1969.7 	 1415.7
1.1693E+00 	 3347.7 	 2.8062E+06 	 1969.7 	 1415.5
1.1695E+00 	 3347.7 	 2.8059E+06 	 1969.7 	 1415.3
1.1696E+00 	 3347.6 	 2.8056E+06 	 1969.7 	 1415.1
1.1697E+00 	 3347.6 	 2.8052E+06 	 1969.6 	 1414.9
1.1698E+00 	 3347.5 	 2.8049E+06 	 1969.6 	 1414.7
1.1699E+00 	 3347.5 	 2.8046E+06 	 1969.6 	 1414.5
1.1700E+00 	 3347.4 	 2.8042E+06 	 1969.6 	 1414.3
1.1702E+00 	 3347.4 	 2.8039E+06 	 1969.6 	 1414.1
1.1703E+00 	 3347.3 	 2.8036E+06 	 1969.5 	 1413.9
1.1704E+00 	 3347.3 	 2.8032E+06 	 1969.5 	 1413.7
1.1705E+00 	 3347.2 	 2.8029E+06 	 1969.5 	 1413.5
1.1706E+00 	 3347.2 	 2.8026E+06 	 1969.5 	 1413.3
1.1707E+00 	 3347.1 	 2.8022E+06 	 1969.5 	 1413.2
1.1709E+00 	 3347.1 	 2.8019E+06 	 1969.5 	 1413.0
1.1710E+00 	 3347.0 	 2.8016E+06 	 1969.4 	 1412.8
1.1711E+00 	 3347.0 	 2.8013E+06 	 1969.4 	 1412.6
1.1712E+00 	 3346.9 	 2.8009E+06 	 1969.4 	 1412.4
1.1713E+00 	 3346.9 	 2.8006E+06 	 1969.4 	 1412.2
1.1714E+00 	 3346.8 	 2.8003E+06 	 1969.4 	 1412.0
1.1716E+00 	 3346.8 	 2.7999E+06 	 1969.3 	 1411.8
1.1717E+00 	 3346.7 	 2.7996E+06 	 1969.3 	 1411.6
1.1718E+00 	 3346.7 	 2.7993E+06 	 1969.3 	 1411.4
1.1719E+00 	 3346.6 	 2.7989E+06 	 1969.3 	 1411.2
1.1720E+00 	 3346.6 	 2.7986E+06 	 1969.3 	 1411.0
1.1721E+00 	 3346.5 	 2.7983E+06 	 1969.3 	 1410.8
1.1723E+00 	 3346.5 	 2.7979E+06 	 1969.2 	 1410.6
1.1724E+00 	 3346.4 	 2.7976E+06 	 1969.2 	 1410.4
1.1725E+00 	 3346.4 	 2.7973E+06 	 1969.2 	 1410.2
1.1726E+00 	 3346.3 	 2.7969E+06 	 1969.2 	 1410.0
1.1727E+00 	 3346.3 	 2.7966E+06 	 1969.2 	 1409.8
1.1729E+00 	 3346.2 	 2.7963E+06 	 1969.2 	 1409.6
1.1730E+00 	 3346.2 	 2.7960E+06 	 1969.1 	 1409.4
1.1731E+00 	 3346.1 	 2.7956E+06 	 1969.1 	 1409.2
1.1732E+00 	 3346.1 	 2.7953E+06 	 1969.1 	 1409.0
1.1733E+00 	 3346.0 	 2.7950E+06 	 1969.1 	 1408.8
1.1734E+00 	 3346.0 	 2.7946E+06 	 1969.1 	 1408.6
1.1736E+00 	 3345.9 	 2.7943E+06 	 1969.0 	 1408.4
1.1737E+00 	 3345.9 	 2.7940E+06 	 1969.0 	 1408.2
1.1738E+00 	 3345.8 	 2.7936E+06 	 1969.0 	 1408.0
1.1739E+00 	 3345.8 	 2.7933E+06 	 1969.0 	 1407.8
1.1740E+00 	 3345.7 	 2.7930E+06 	 1969.0 	 1407.6
1.1741E+00 	 3345.7 	 2.7927E+06 	 1969.0 	 1407.4
1.1743E+00 	 3345.6 	 2.7923E+06 	 1968.9 	 1407.2
1.1744E+00 	 3345.6 	 2.7920E+06 	 1968.9 	 1407.0
1.1745E+00 	 3345.5 	 2.7917E+06 	 1968.9 	 1406.9
1.1746E+00 	 3345.5 	 2.7913E+06 	 1968.9 	 1406.7
1.1747E+00 	 3345.4 	 2.7910E+06 	 1968.9 	 1406.5
1.1748E+00 	 3345.4 	 2.7907E+06 	 1968.8 	 1406.3
1.1750E+00 	 3345.3 	 2.7903E+06 	 1968.8 	 1406.1
1.1751E+00 	 3345.3 	 2.7900E+06 	 1968.8 	 1405.9
1.1752E+00 	 3345.2 	 2.7897E+06 	 1968.8 	 1405.7
1.1753E+00 	 3345.2 	 2.7894E+06 	 1968.8 	 1405.5
1.1754E+00 	 3345.1 	 2.7890E+06 	 1968.8 	 1405.3
1.1756E+00 	 3345.1 	 2.7887E+06 	 1968.7 	 1405.1
1.1757E+00 	 3345.0 	 2.7884E+06 	 1968.7 	 1404.9
1.1758E+00 	 3345.0 	 2.7880E+06 	 1968.7 	 1404.7
1.1759E+00 	 3344.9 	 2.7877E+06 	 1968.7 	 1404.5
1.1760E+00 	 3344.9 	 2.7874E+06 	 1968.7 	 1404.3
1.1761E+00 	 3344.8 	 2.7870E+06 	 1968.7 	 1404.1
1.1763E+00 	 3344.8 	 2.7867E+06 	 1968.6 	 1403.9
1.1764E+00 	 3344.7 	 2.7864E+06 	 1968.6 	 1403.7
1.1765E+00 	 3344.7 	 2.7861E+06 	 1968.6 	 1403.5
1.1766E+00 	 3344.6 	 2.7857E+06 	 1968.6 	 1403.3
1.1767E+00 	 3344.6 	 2.7854E+06 	 1968.6 	 1403.1
1.1768E+00 	 3344.5 	 2.7851E+06 	 1968.5 	 1402.9
1.1770E+00 	 3344.5 	 2.7847E+06 	 1968.5 	 1402.7
1.1771E+00 	 3344.4 	 2.7844E+06 	 1968.5 	 1402.5
1.1772E+00 	 3344.4 	 2.7841E+06 	 1968.5 	 1402.3
1.1773E+00 	 3344.3 	 2.7838E+06 	 1968.5 	 1402.1
1.1774E+00 	 3344.3 	 2.7834E+06 	 1968.5 	 1401.9
1.1776E+00 	 3344.2 	 2.7831E+06 	 1968.4 	 1401.7
1.1777E+00 	 3344.2 	 2.7828E+06 	 1968.4 	 1401.5
1.1778E+00 	 3344.1 	 2.7824E+06 	 1968.4 	 1401.3
1.1779E+00 	 3344.1 	 2.7821E+06 	 1968.4 	 1401.1
1.1780E+00 	 3344.0 	 2.7818E+06 	 1968.4 	 1400.9
1.1781E+00 	 3344.0 	 2.7814E+06 	 1968.3 	 1400.7
1.1783E+00 	 3343.9 	 2.7811E+06 	 1968.3 	 1400.6
1.1784E+00 	 3343.9 	 2.7808E+06 	 1968.3 	 1400.4
1.1785E+00 	 3343.8 	 2.7805E+06 	 1968.3 	 1400.2
1.1786E+00 	 3343.8 	 2.7801E+06 	 1968.3 	 1400.0
1.1787E+00 	 3343.7 	 2.7798E+06 	 1968.3 	 1399.8
1.1788E+00 	 3343.7 	 2.7795E+06 	 1968.2 	 1399.6
1.1790E+00 	 3343.6 	 2.7791E+06 	 1968.2 	 1399.4
1.1791E+00 	 3343.6 	 2.7788E+06 	 1968.2 	 1399.2
1.1792E+00 	 3343.5 	 2.7785E+06 	 1968.2 	 1399.0
1.1793E+00 	 3343.5 	 2.7782E+06 	 1968.2 	 1398.8
1.1794E+00 	 3343.4 	 2.7778E+06 	 1968.2 	 1398.6
1.1796E+00 	 3343.4 	 2.7775E+06 	 1968.1 	 1398.4
1.1797E+00 	 3343.3 	 2.7772E+06 	 1968.1 	 1398.2
1.1798E+00 	 3343.3 	 2.7768E+06 	 1968.1 	 1398.0
1.1799E+00 	 3343.2 	 2.7765E+06 	 1968.1 	 1397.8
1.1800E+00 	 3343.2 	 2.7762E+06 	 1968.1 	 1397.6
1.1801E+00 	 3343.1 	 2.7759E+06 	 1968.0 	 1397.4
1.1803E+00 	 3343.1 	 2.7755E+06 	 1968.0 	 1397.2
1.1804E+00 	 3343.0 	 2.7752E+06 	 1968.0 	 1397.0
1.1805E+00 	 3343.0 	 2.7749E+06 	 1968.0 	 1396.8
1.1806E+00 	 3342.9 	 2.7746E+06 	 1968.0 	 1396.6
1.1807E+00 	 3342.9 	 2.7742E+06 	 1968.0 	 1396.4
1.1809E+00 	 3342.8 	 2.7739E+06 	 1967.9 	 1396.2
1.1810E+00 	 3342.8 	 2.7736E+06 	 1967.9 	 1396.0
1.1811E+00 	 3342.7 	 2.7732E+06 	 1967.9 	 1395.8
1.1812E+00 	 3342.7 	 2.7729E+06 	 1967.9 	 1395.6
1.1813E+00 	 3342.6 	 2.7726E+06 	 1967.9 	 1395.4
1.1814E+00 	 3342.6 	 2.7723E+06 	 1967.8 	 1395.2
1.1816E+00 	 3342.5 	 2.7719E+06 	 1967.8 	 1395.0
1.1817E+00 	 3342.5 	 2.7716E+06 	 1967.8 	 1394.8
1.1818E+00 	 3342.4 	 2.7713E+06 	 1967.8 	 1394.6
1.1819E+00 	 3342.4 	 2.7709E+06 	 1967.8 	 1394.5
1.1820E+00 	 3342.3 	 2.7706E+06 	 1967.8 	 1394.3
1.1822E+00 	 3342.3 	 2.7703E+06 	 1967.7 	 1394.1
1.1823E+00 	 3342.2 	 2.7700E+06 	 1967.7 	 1393.9
1.1824E+00 	 3342.2 	 2.7696E+06 	 1967.7 	 1393.7
1.1825E+00 	 3342.1 	 2.7693E+06 	 1967.7 	 1393.5
1.1826E+00 	 3342.1 	 2.7690E+06 	 1967.7 	 1393.3
1.1827E+00 	 3342.0 	 2.7687E+06 	 1967.7 	 1393.1
1.1829E+00 	 3342.0 	 2.7683E+06 	 1967.6 	 1392.9
1.1830E+00 	 3341.9 	 2.7680E+06 	 1967.6 	 1392.7
1.1831E+00 	 3341.9 	 2.7677E+06 	 1967.6 	 1392.5
1.1832E+00 	 3341.8 	 2.7673E+06 	 1967.6 	 1392.3
1.1833E+00 	 3341.7 	 2.7670E+06 	 1967.6 	 1392.1
1.1835E+00 	 3341.7 	 2.7667E+06 	 1967.5 	 1391.9
1.1836E+00 	 3341.6 	 2.7664E+06 	 1967.5 	 1391.7
1.1837E+00 	 3341.6 	 2.7660E+06 	 1967.5 	 1391.5
1.1838E+00 	 3341.5 	 2.7657E+06 	 1967.5 	 1391.3
1.1839E+00 	 3341.5 	 2.7654E+06 	 1967.5 	 1391.1
1.1840E+00 	 3341.4 	 2.7651E+06 	 1967.5 	 1390.9
1.1842E+00 	 3341.4 	 2.7647E+06 	 1967.4 	 1390.7
1.1843E+00 	 3341.3 	 2.7644E+06 	 1967.4 	 1390.5
1.1844E+00 	 3341.3 	 2.7641E+06 	 1967.4 	 1390.3
1.1845E+00 	 3341.2 	 2.7637E+06 	 1967.4 	 1390.1
1.1846E+00 	 3341.2 	 2.7634E+06 	 1967.4 	 1389.9
1.1848E+00 	 3341.1 	 2.7631E+06 	 1967.3 	 1389.7
1.1849E+00 	 3341.1 	 2.7628E+06 	 1967.3 	 1389.5
1.1850E+00 	 3341.0 	 2.7624E+06 	 1967.3 	 1389.3
1.1851E+00 	 3341.0 	 2.7621E+06 	 1967.3 	 1389.1
1.1852E+00 	 3340.9 	 2.7618E+06 	 1967.3 	 1388.9
1.1853E+00 	 3340.9 	 2.7615E+06 	 1967.3 	 1388.7
1.1855E+00 	 3340.8 	 2.7611E+06 	 1967.2 	 1388.5
1.1856E+00 	 3340.8 	 2.7608E+06 	 1967.2 	 1388.4
1.1857E+00 	 3340.7 	 2.7605E+06 	 1967.2 	 1388.2
1.1858E+00 	 3340.7 	 2.7602E+06 	 1967.2 	 1388.0
1.1859E+00 	 3340.6 	 2.7598E+06 	 1967.2 	 1387.8
1.1861E+00 	 3340.6 	 2.7595E+06 	 1967.2 	 1387.6
1.1862E+00 	 3340.5 	 2.7592E+06 	 1967.1 	 1387.4
1.1863E+00 	 3340.5 	 2.7589E+06 	 1967.1 	 1387.2
1.1864E+00 	 3340.4 	 2.7585E+06 	 1967.1 	 1387.0
1.1865E+00 	 3340.4 	 2.7582E+06 	 1967.1 	 1386.8
1.1867E+00 	 3340.3 	 2.7579E+06 	 1967.1 	 1386.6
1.1868E+00 	 3340.3 	 2.7575E+06 	 1967.0 	 1386.4
1.1869E+00 	 3340.2 	 2.7572E+06 	 1967.0 	 1386.2
1.1870E+00 	 3340.2 	 2.7569E+06 	 1967.0 	 1386.0
1.1871E+00 	 3340.1 	 2.7566E+06 	 1967.0 	 1385.8
1.1872E+00 	 3340.1 	 2.7562E+06 	 1967.0 	 1385.6
1.1874E+00 	 3340.0 	 2.7559E+06 	 1967.0 	 1385.4
1.1875E+00 	 3340.0 	 2.7556E+06 	 1966.9 	 1385.2
1.1876E+00 	 3339.9 	 2.7553E+06 	 1966.9 	 1385.0
1.1877E+00 	 3339.9 	 2.7549E+06 	 1966.9 	 1384.8
1.1878E+00 	 3339.8 	 2.7546E+06 	 1966.9 	 1384.6
1.1880E+00 	 3339.8 	 2.7543E+06 	 1966.9 	 1384.4
1.1881E+00 	 3339.7 	 2.7540E+06 	 1966.8 	 1384.2
1.1882E+00 	 3339.7 	 2.7536E+06 	 1966.8 	 1384.0
1.1883E+00 	 3339.6 	 2.7533E+06 	 1966.8 	 1383.8
1.1884E+00 	 3339.6 	 2.7530E+06 	 1966.8 	 1383.6
1.1886E+00 	 3339.5 	 2.7527E+06 	 1966.8 	 1383.4
1.1887E+00 	 3339.5 	 2.7523E+06 	 1966.8 	 1383.2
1.1888E+00 	 3339.4 	 2.7520E+06 	 1966.7 	 1383.0
1.1889E+00 	 3339.4 	 2.7517E+06 	 1966.7 	 1382.8
1.1890E+00 	 3339.3 	 2.7514E+06 	 1966.7 	 1382.6
1.1891E+00 	 3339.3 	 2.7510E+06 	 1966.7 	 1382.5
1.1893E+00 	 3339.2 	 2.7507E+06 	 1966.7 	 1382.3
1.1894E+00 	 3339.2 	 2.7504E+06 	 1966.7 	 1382.1
1.1895E+00 	 3339.1 	 2.7501E+06 	 1966.6 	 1381.9
1.1896E+00 	 3339.1 	 2.7497E+06 	 1966.6 	 1381.7
1.1897E+00 	 3339.0 	 2.7494E+06 	 1966.6 	 1381.5
1.1899E+00 	 3339.0 	 2.7491E+06 	 1966.6 	 1381.3
1.1900E+00 	 3338.9 	 2.7488E+06 	 1966.6 	 1381.1
1.1901E+00 	 3338.9 	 2.7484E+06 	 1966.5 	 1380.9
1.1902E+00 	 3338.8 	 2.7481E+06 	 1966.5 	 1380.7
1.1903E+00 	 3338.8 	 2.7478E+06 	 1966.5 	 1380.5
1.1905E+00 	 3338.7 	 2.7475E+06 	 1966.5 	 1380.3
1.1906E+00 	 3338.7 	 2.7471E+06 	 1966.5 	 1380.1
1.1907E+00 	 3338.6 	 2.7468E+06 	 1966.5 	 1379.9
1.1908E+00 	 3338.6 	 2.7465E+06 	 1966.4 	 1379.7
1.1909E+00 	 3338.5 	 2.7462E+06 	 1966.4 	 1379.5
1.1911E+00 	 3338.5 	 2.7458E+06 	 1966.4 	 1379.3
1.1912E+00 	 3338.4 	 2.7455E+06 	 1966.4 	 1379.1
1.1913E+00 	 3338.4 	 2.7452E+06 	 1966.4 	 1378.9
1.1914E+00 	 3338.3 	 2.7449E+06 	 1966.4 	 1378.7
1.1915E+00 	 3338.3 	 2.7445E+06 	 1966.3 	 1378.5
1.1916E+00 	 3338.2 	 2.7442E+06 	 1966.3 	 1378.3
1.1918E+00 	 3338.2 	 2.7439E+06 	 1966.3 	 1378.1
1.1919E+00 	 3338.1 	 2.7436E+06 	 1966.3 	 1377.9
1.1920E+00 	 3338.1 	 2.7432E+06 	 1966.3 	 1377.7
1.1921E+00 	 3338.0 	 2.7429E+06 	 1966.2 	 1377.5
1.1922E+00 	 3338.0 	 2.7426E+06 	 1966.2 	 1377.3
1.1924E+00 	 3337.9 	 2.7423E+06 	 1966.2 	 1377.1
1.1925E+00 	 3337.9 	 2.7419E+06 	 1966.2 	 1376.9
1.1926E+00 	 3337.8 	 2.7416E+06 	 1966.2 	 1376.7
1.1927E+00 	 3337.8 	 2.7413E+06 	 1966.2 	 1376.6
1.1928E+00 	 3337.7 	 2.7410E+06 	 1966.1 	 1376.4
1.1930E+00 	 3337.7 	 2.7406E+06 	 1966.1 	 1376.2
1.1931E+00 	 3337.6 	 2.7403E+06 	 1966.1 	 1376.0
1.1932E+00 	 3337.6 	 2.7400E+06 	 1966.1 	 1375.8
1.1933E+00 	 3337.5 	 2.7397E+06 	 1966.1 	 1375.6
1.1934E+00 	 3337.5 	 2.7394E+06 	 1966.0 	 1375.4
1.1936E+00 	 3337.4 	 2.7390E+06 	 1966.0 	 1375.2
1.1937E+00 	 3337.4 	 2.7387E+06 	 1966.0 	 1375.0
1.1938E+00 	 3337.3 	 2.7384E+06 	 1966.0 	 1374.8
1.1939E+00 	 3337.3 	 2.7381E+06 	 1966.0 	 1374.6
1.1940E+00 	 3337.2 	 2.7377E+06 	 1966.0 	 1374.4
1.1942E+00 	 3337.2 	 2.7374E+06 	 1965.9 	 1374.2
1.1943E+00 	 3337.1 	 2.7371E+06 	 1965.9 	 1374.0
1.1944E+00 	 3337.1 	 2.7368E+06 	 1965.9 	 1373.8
1.1945E+00 	 3337.0 	 2.7364E+06 	 1965.9 	 1373.6
1.1946E+00 	 3337.0 	 2.7361E+06 	 1965.9 	 1373.4
1.1948E+00 	 3336.9 	 2.7358E+06 	 1965.9 	 1373.2
1.1949E+00 	 3336.9 	 2.7355E+06 	 1965.8 	 1373.0
1.1950E+00 	 3336.8 	 2.7351E+06 	 1965.8 	 1372.8
1.1951E+00 	 3336.8 	 2.7348E+06 	 1965.8 	 1372.6
1.1952E+00 	 3336.7 	 2.7345E+06 	 1965.8 	 1372.4
1.1953E+00 	 3336.7 	 2.7342E+06 	 1965.8 	 1372.2
1.1955E+00 	 3336.6 	 2.7338E+06 	 1965.7 	 1372.0
1.1956E+00 	 3336.6 	 2.7335E+06 	 1965.7 	 1371.8
1.1957E+00 	 3336.5 	 2.7332E+06 	 1965.7 	 1371.6
1.1958E+00 	 3336.5 	 2.7329E+06 	 1965.7 	 1371.4
1.1959E+00 	 3336.4 	 2.7326E+06 	 1965.7 	 1371.2
1.1961E+00 	 3336.4 	 2.7322E+06 	 1965.7 	 1371.0
1.1962E+00 	 3336.3 	 2.7319E+06 	 1965.6 	 1370.9
1.1963E+00 	 3336.3 	 2.7316E+06 	 1965.6 	 1370.7
1.1964E+00 	 3336.2 	 2.7313E+06 	 1965.6 	 1370.5
1.1965E+00 	 3336.2 	 2.7309E+06 	 1965.6 	 1370.3
1.1967E+00 	 3336.1 	 2.7306E+06 	 1965.6 	 1370.1
1.1968E+00 	 3336.1 	 2.7303E+06 	 1965.5 	 1369.9
1.1969E+00 	 3336.0 	 2.7300E+06 	 1965.5 	 1369.7
1.1970E+00 	 3336.0 	 2.7297E+06 	 1965.5 	 1369.5
1.1971E+00 	 3335.9 	 2.7293E+06 	 1965.5 	 1369.3
1.1973E+00 	 3335.9 	 2.7290E+06 	 1965.5 	 1369.1
1.1974E+00 	 3335.8 	 2.7287E+06 	 1965.5 	 1368.9
1.1975E+00 	 3335.8 	 2.7284E+06 	 1965.4 	 1368.7
1.1976E+00 	 3335.7 	 2.7280E+06 	 1965.4 	 1368.5
1.1977E+00 	 3335.7 	 2.7277E+06 	 1965.4 	 1368.3
1.1979E+00 	 3335.6 	 2.7274E+06 	 1965.4 	 1368.1
1.1980E+00 	 3335.6 	 2.7271E+06 	 1965.4 	 1367.9
1.1981E+00 	 3335.5 	 2.7267E+06 	 1965.4 	 1367.7
1.1982E+00 	 3335.5 	 2.7264E+06 	 1965.3 	 1367.5
1.1983E+00 	 3335.4 	 2.7261E+06 	 1965.3 	 1367.3
1.1985E+00 	 3335.4 	 2.7258E+06 	 1965.3 	 1367.1
1.1986E+00 	 3335.3 	 2.7255E+06 	 1965.3 	 1366.9
1.1987E+00 	 3335.3 	 2.7251E+06 	 1965.3 	 1366.7
1.1988E+00 	 3335.2 	 2.7248E+06 	 1965.2 	 1366.5
1.1989E+00 	 3335.2 	 2.7245E+06 	 1965.2 	 1366.3
1.1991E+00 	 3335.1 	 2.7242E+06 	 1965.2 	 1366.1
1.1992E+00 	 3335.1 	 2.7238E+06 	 1965.2 	 1365.9
1.1993E+00 	 3335.0 	 2.7235E+06 	 1965.2 	 1365.7
1.1994E+00 	 3335.0 	 2.7232E+06 	 1965.2 	 1365.5
1.1995E+00 	 3334.9 	 2.7229E+06 	 1965.1 	 1365.3
1.1997E+00 	 3334.9 	 2.7226E+06 	 1965.1 	 1365.2
1.1998E+00 	 3334.8 	 2.7222E+06 	 1965.1 	 1365.0
1.1999E+00 	 3334.8 	 2.7219E+06 	 1965.1 	 1364.8
1.2000E+00 	 3334.7 	 2.7216E+06 	 1965.1 	 1364.6
1.2001E+00 	 3334.7 	 2.7213E+06 	 1965.1 	 1364.4
1.2003E+00 	 3334.6 	 2.7210E+06 	 1965.0 	 1364.2
1.2004E+00 	 3334.6 	 2.7206E+06 	 1965.0 	 1364.0
1.2005E+00 	 3334.5 	 2.7203E+06 	 1965.0 	 1363.8
1.2006E+00 	 3334.5 	 2.7200E+06 	 1965.0 	 1363.6
1.2007E+00 	 3334.4 	 2.7197E+06 	 1965.0 	 1363.4
1.2009E+00 	 3334.4 	 2.7193E+06 	 1964.9 	 1363.2
1.2010E+00 	 3334.3 	 2.7190E+06 	 1964.9 	 1363.0
1.2011E+00 	 3334.3 	 2.7187E+06 	 1964.9 	 1362.8
1.2012E+00 	 3334.2 	 2.7184E+06 	 1964.9 	 1362.6
1.2013E+00 	 3334.2 	 2.7181E+06 	 1964.9 	 1362.4
1.2015E+00 	 3334.1 	 2.7177E+06 	 1964.9 	 1362.2
1.2016E+00 	 3334.1 	 2.7174E+06 	 1964.8 	 1362.0
1.2017E+00 	 3334.0 	 2.7171E+06 	 1964.8 	 1361.8
1.2018E+00 	 3334.0 	 2.7168E+06 	 1964.8 	 1361.6
1.2019E+00 	 3333.9 	 2.7165E+06 	 1964.8 	 1361.4
1.2021E+00 	 3333.9 	 2.7161E+06 	 1964.8 	 1361.2
1.2022E+00 	 3333.8 	 2.7158E+06 	 1964.7 	 1361.0
1.2023E+00 	 3333.8 	 2.7155E+06 	 1964.7 	 1360.8
1.2024E+00 	 3333.7 	 2.7152E+06 	 1964.7 	 1360.6
1.2025E+00 	 3333.7 	 2.7148E+06 	 1964.7 	 1360.4
1.2027E+00 	 3333.6 	 2.7145E+06 	 1964.7 	 1360.2
1.2028E+00 	 3333.6 	 2.7142E+06 	 1964.7 	 1360.0
1.2029E+00 	 3333.5 	 2.7139E+06 	 1964.6 	 1359.8
1.2030E+00 	 3333.5 	 2.7136E+06 	 1964.6 	 1359.7
1.2031E+00 	 3333.4 	 2.7132E+06 	 1964.6 	 1359.5
1.2033E+00 	 3333.4 	 2.7129E+06 	 1964.6 	 1359.3
1.2034E+00 	 3333.3 	 2.7126E+06 	 1964.6 	 1359.1
1.2035E+00 	 3333.3 	 2.7123E+06 	 1964.6 	 1358.9
1.2036E+00 	 3333.2 	 2.7120E+06 	 1964.5 	 1358.7
1.2037E+00 	 3333.2 	 2.7116E+06 	 1964.5 	 1358.5
1.2039E+00 	 3333.1 	 2.7113E+06 	 1964.5 	 1358.3
1.2040E+00 	 3333.1 	 2.7110E+06 	 1964.5 	 1358.1
1.2041E+00 	 3333.0 	 2.7107E+06 	 1964.5 	 1357.9
1.2042E+00 	 3333.0 	 2.7104E+06 	 1964.4 	 1357.7
1.2043E+00 	 3332.9 	 2.7100E+06 	 1964.4 	 1357.5
1.2045E+00 	 3332.9 	 2.7097E+06 	 1964.4 	 1357.3
1.2046E+00 	 3332.8 	 2.7094E+06 	 1964.4 	 1357.1
1.2047E+00 	 3332.8 	 2.7091E+06 	 1964.4 	 1356.9
1.2048E+00 	 3332.7 	 2.7088E+06 	 1964.4 	 1356.7
1.2049E+00 	 3332.7 	 2.7084E+06 	 1964.3 	 1356.5
1.2051E+00 	 3332.6 	 2.7081E+06 	 1964.3 	 1356.3
1.2052E+00 	 3332.6 	 2.7078E+06 	 1964.3 	 1356.1
1.2053E+00 	 3332.5 	 2.7075E+06 	 1964.3 	 1355.9
1.2054E+00 	 3332.5 	 2.7072E+06 	 1964.3 	 1355.7
1.2056E+00 	 3332.4 	 2.7068E+06 	 1964.2 	 1355.5
1.2057E+00 	 3332.4 	 2.7065E+06 	 1964.2 	 1355.3
1.2058E+00 	 3332.3 	 2.7062E+06 	 1964.2 	 1355.1
1.2059E+00 	 3332.3 	 2.7059E+06 	 1964.2 	 1354.9
1.2060E+00 	 3332.2 	 2.7056E+06 	 1964.2 	 1354.7
1.2062E+00 	 3332.2 	 2.7052E+06 	 1964.2 	 1354.5
1.2063E+00 	 3332.1 	 2.7049E+06 	 1964.1 	 1354.3
1.2064E+00 	 3332.1 	 2.7046E+06 	 1964.1 	 1354.2
1.2065E+00 	 3332.0 	 2.7043E+06 	 1964.1 	 1354.0
1.2066E+00 	 3332.0 	 2.7040E+06 	 1964.1 	 1353.8
1.2068E+00 	 3331.9 	 2.7036E+06 	 1964.1 	 1353.6
1.2069E+00 	 3331.9 	 2.7033E+06 	 1964.1 	 1353.4
1.2070E+00 	 3331.8 	 2.7030E+06 	 1964.0 	 1353.2
1.2071E+00 	 3331.8 	 2.7027E+06 	 1964.0 	 1353.0
1.2072E+00 	 3331.7 	 2.7024E+06 	 1964.0 	 1352.8
1.2074E+00 	 3331.7 	 2.7020E+06 	 1964.0 	 1352.6
1.2075E+00 	 3331.6 	 2.7017E+06 	 1964.0 	 1352.4
1.2076E+00 	 3331.6 	 2.7014E+06 	 1963.9 	 1352.2
1.2077E+00 	 3331.5 	 2.7011E+06 	 1963.9 	 1352.0
1.2078E+00 	 3331.5 	 2.7008E+06 	 1963.9 	 1351.8
1.2080E+00 	 3331.4 	 2.7004E+06 	 1963.9 	 1351.6
1.2081E+00 	 3331.4 	 2.7001E+06 	 1963.9 	 1351.4
1.2082E+00 	 3331.3 	 2.6998E+06 	 1963.9 	 1351.2
1.2083E+00 	 3331.3 	 2.6995E+06 	 1963.8 	 1351.0
1.2084E+00 	 3331.2 	 2.6992E+06 	 1963.8 	 1350.8
1.2086E+00 	 3331.2 	 2.6988E+06 	 1963.8 	 1350.6
1.2087E+00 	 3331.1 	 2.6985E+06 	 1963.8 	 1350.4
1.2088E+00 	 3331.1 	 2.6982E+06 	 1963.8 	 1350.2
1.2089E+00 	 3331.0 	 2.6979E+06 	 1963.8 	 1350.0
1.2091E+00 	 3331.0 	 2.6976E+06 	 1963.7 	 1349.8
1.2092E+00 	 3330.9 	 2.6972E+06 	 1963.7 	 1349.6
1.2093E+00 	 3330.9 	 2.6969E+06 	 1963.7 	 1349.4
1.2094E+00 	 3330.8 	 2.6966E+06 	 1963.7 	 1349.2
1.2095E+00 	 3330.8 	 2.6963E+06 	 1963.7 	 1349.0
1.2097E+00 	 3330.7 	 2.6960E+06 	 1963.6 	 1348.8
1.2098E+00 	 3330.7 	 2.6957E+06 	 1963.6 	 1348.7
1.2099E+00 	 3330.6 	 2.6953E+06 	 1963.6 	 1348.5
1.2100E+00 	 3330.6 	 2.6950E+06 	 1963.6 	 1348.3
1.2101E+00 	 3330.5 	 2.6947E+06 	 1963.6 	 1348.1
1.2103E+00 	 3330.5 	 2.6944E+06 	 1963.6 	 1347.9
1.2104E+00 	 3330.4 	 2.6941E+06 	 1963.5 	 1347.7
1.2105E+00 	 3330.4 	 2.6937E+06 	 1963.5 	 1347.5
1.2106E+00 	 3330.3 	 2.6934E+06 	 1963.5 	 1347.3
1.2107E+00 	 3330.3 	 2.6931E+06 	 1963.5 	 1347.1
1.2109E+00 	 3330.2 	 2.6928E+06 	 1963.5 	 1346.9
1.2110E+00 	 3330.2 	 2.6925E+06 	 1963.4 	 1346.7
1.2111E+00 	 3330.1 	 2.6922E+06 	 1963.4 	 1346.5
1.2112E+00 	 3330.1 	 2.6918E+06 	 1963.4 	 1346.3
1.2114E+00 	 3330.0 	 2.6915E+06 	 1963.4 	 1346.1
1.2115E+00 	 3330.0 	 2.6912E+06 	 1963.4 	 1345.9
1.2116E+00 	 3329.9 	 2.6909E+06 	 1963.4 	 1345.7
1.2117E+00 	 3329.9 	 2.6906E+06 	 1963.3 	 1345.5
1.2118E+00 	 3329.8 	 2.6902E+06 	 1963.3 	 1345.3
1.2120E+00 	 3329.8 	 2.6899E+06 	 1963.3 	 1345.1
1.2121E+00 	 3329.7 	 2.6896E+06 	 1963.3 	 1344.9
1.2122E+00 	 3329.7 	 2.6893E+06 	 1963.3 	 1344.7
1.2123E+00 	 3329.6 	 2.6890E+06 	 1963.3 	 1344.5
1.2124E+00 	 3329.6 	 2.6887E+06 	 1963.2 	 1344.3
1.2126E+00 	 3329.5 	 2.6883E+06 	 1963.2 	 1344.1
1.2127E+00 	 3329.5 	 2.6880E+06 	 1963.2 	 1343.9
1.2128E+00 	 3329.4 	 2.6877E+06 	 1963.2 	 1343.7
1.2129E+00 	 3329.4 	 2.6874E+06 	 1963.2 	 1343.5
1.2130E+00 	 3329.3 	 2.6871E+06 	 1963.1 	 1343.4
1.2132E+00 	 3329.3 	 2.6867E+06 	 1963.1 	 1343.2
1.2133E+00 	 3329.2 	 2.6864E+06 	 1963.1 	 1343.0
1.2134E+00 	 3329.2 	 2.6861E+06 	 1963.1 	 1342.8
1.2135E+00 	 3329.1 	 2.6858E+06 	 1963.1 	 1342.6
1.2137E+00 	 3329.1 	 2.6855E+06 	 1963.1 	 1342.4
1.2138E+00 	 3329.0 	 2.6852E+06 	 1963.0 	 1342.2
1.2139E+00 	 3329.0 	 2.6848E+06 	 1963.0 	 1342.0
1.2140E+00 	 3328.9 	 2.6845E+06 	 1963.0 	 1341.8
1.2141E+00 	 3328.9 	 2.6842E+06 	 1963.0 	 1341.6
1.2143E+00 	 3328.8 	 2.6839E+06 	 1963.0 	 1341.4
1.2144E+00 	 3328.8 	 2.6836E+06 	 1963.0 	 1341.2
1.2145E+00 	 3328.7 	 2.6833E+06 	 1962.9 	 1341.0
1.2146E+00 	 3328.7 	 2.6829E+06 	 1962.9 	 1340.8
1.2147E+00 	 3328.6 	 2.6826E+06 	 1962.9 	 1340.6
1.2149E+00 	 3328.6 	 2.6823E+06 	 1962.9 	 1340.4
1.2150E+00 	 3328.5 	 2.6820E+06 	 1962.9 	 1340.2
1.2151E+00 	 3328.5 	 2.6817E+06 	 1962.8 	 1340.0
1.2152E+00 	 3328.4 	 2.6814E+06 	 1962.8 	 1339.8
1.2154E+00 	 3328.4 	 2.6810E+06 	 1962.8 	 1339.6
1.2155E+00 	 3328.3 	 2.6807E+06 	 1962.8 	 1339.4
1.2156E+00 	 3328.3 	 2.6804E+06 	 1962.8 	 1339.2
1.2157E+00 	 3328.2 	 2.6801E+06 	 1962.8 	 1339.0
1.2158E+00 	 3328.2 	 2.6798E+06 	 1962.7 	 1338.8
1.2160E+00 	 3328.1 	 2.6795E+06 	 1962.7 	 1338.6
1.2161E+00 	 3328.1 	 2.6791E+06 	 1962.7 	 1338.4
1.2162E+00 	 3328.0 	 2.6788E+06 	 1962.7 	 1338.2
1.2163E+00 	 3328.0 	 2.6785E+06 	 1962.7 	 1338.1
1.2164E+00 	 3327.9 	 2.6782E+06 	 1962.7 	 1337.9
1.2166E+00 	 3327.9 	 2.6779E+06 	 1962.6 	 1337.7
1.2167E+00 	 3327.8 	 2.6776E+06 	 1962.6 	 1337.5
1.2168E+00 	 3327.8 	 2.6772E+06 	 1962.6 	 1337.3
1.2169E+00 	 3327.7 	 2.6769E+06 	 1962.6 	 1337.1
1.2171E+00 	 3327.7 	 2.6766E+06 	 1962.6 	 1336.9
1.2172E+00 	 3327.6 	 2.6763E+06 	 1962.5 	 1336.7
1.2173E+00 	 3327.6 	 2.6760E+06 	 1962.5 	 1336.5
1.2174E+00 	 3327.5 	 2.6757E+06 	 1962.5 	 1336.3
1.2175E+00 	 3327.5 	 2.6753E+06 	 1962.5 	 1336.1
1.2177E+00 	 3327.4 	 2.6750E+06 	 1962.5 	 1335.9
1.2178E+00 	 3327.4 	 2.6747E+06 	 1962.5 	 1335.7
1.2179E+00 	 3327.3 	 2.6744E+06 	 1962.4 	 1335.5
1.2180E+00 	 3327.3 	 2.6741E+06 	 1962.4 	 1335.3
1.2182E+00 	 3327.2 	 2.6738E+06 	 1962.4 	 1335.1
1.2183E+00 	 3327.2 	 2.6734E+06 	 1962.4 	 1334.9
1.2184E+00 	 3327.1 	 2.6731E+06 	 1962.4 	 1334.7
1.2185E+00 	 3327.1 	 2.6728E+06 	 1962.3 	 1334.5
1.2186E+00 	 3327.0 	 2.6725E+06 	 1962.3 	 1334.3
1.2188E+00 	 3327.0 	 2.6722E+06 	 1962.3 	 1334.1
1.2189E+00 	 3326.9 	 2.6719E+06 	 1962.3 	 1333.9
1.2190E+00 	 3326.9 	 2.6715E+06 	 1962.3 	 1333.7
1.2191E+00 	 3326.8 	 2.6712E+06 	 1962.3 	 1333.5
1.2193E+00 	 3326.8 	 2.6709E+06 	 1962.2 	 1333.3
1.2194E+00 	 3326.7 	 2.6706E+06 	 1962.2 	 1333.1
1.2195E+00 	 3326.7 	 2.6703E+06 	 1962.2 	 1332.9
1.2196E+00 	 3326.6 	 2.6700E+06 	 1962.2 	 1332.8
1.2197E+00 	 3326.6 	 2.6696E+06 	 1962.2 	 1332.6
1.2199E+00 	 3326.5 	 2.6693E+06 	 1962.2 	 1332.4
1.2200E+00 	 3326.5 	 2.6690E+06 	 1962.1 	 1332.2
1.2201E+00 	 3326.4 	 2.6687E+06 	 1962.1 	 1332.0
1.2202E+00 	 3326.4 	 2.6684E+06 	 1962.1 	 1331.8
1.2203E+00 	 3326.3 	 2.6681E+06 	 1962.1 	 1331.6
1.2205E+00 	 3326.3 	 2.6678E+06 	 1962.1 	 1331.4
1.2206E+00 	 3326.2 	 2.6674E+06 	 1962.0 	 1331.2
1.2207E+00 	 3326.2 	 2.6671E+06 	 1962.0 	 1331.0
1.2208E+00 	 3326.1 	 2.6668E+06 	 1962.0 	 1330.8
1.2210E+00 	 3326.1 	 2.6665E+06 	 1962.0 	 1330.6
1.2211E+00 	 3326.0 	 2.6662E+06 	 1962.0 	 1330.4
1.2212E+00 	 3326.0 	 2.6659E+06 	 1962.0 	 1330.2
1.2213E+00 	 3325.9 	 2.6655E+06 	 1961.9 	 1330.0
1.2214E+00 	 3325.9 	 2.6652E+06 	 1961.9 	 1329.8
1.2216E+00 	 3325.8 	 2.6649E+06 	 1961.9 	 1329.6
1.2217E+00 	 3325.8 	 2.6646E+06 	 1961.9 	 1329.4
1.2218E+00 	 3325.7 	 2.6643E+06 	 1961.9 	 1329.2
1.2219E+00 	 3325.7 	 2.6640E+06 	 1961.9 	 1329.0
1.2221E+00 	 3325.6 	 2.6637E+06 	 1961.8 	 1328.8
1.2222E+00 	 3325.6 	 2.6633E+06 	 1961.8 	 1328.6
1.2223E+00 	 3325.5 	 2.6630E+06 	 1961.8 	 1328.4
1.2224E+00 	 3325.5 	 2.6627E+06 	 1961.8 	 1328.2
1.2225E+00 	 3325.4 	 2.6624E+06 	 1961.8 	 1328.0
1.2227E+00 	 3325.4 	 2.6621E+06 	 1961.7 	 1327.8
1.2228E+00 	 3325.3 	 2.6618E+06 	 1961.7 	 1327.7
1.2229E+00 	 3325.3 	 2.6615E+06 	 1961.7 	 1327.5
1.2230E+00 	 3325.2 	 2.6611E+06 	 1961.7 	 1327.3
1.2232E+00 	 3325.2 	 2.6608E+06 	 1961.7 	 1327.1
1.2233E+00 	 3325.1 	 2.6605E+06 	 1961.7 	 1326.9
1.2234E+00 	 3325.1 	 2.6602E+06 	 1961.6 	 1326.7
1.2235E+00 	 3325.0 	 2.6599E+06 	 1961.6 	 1326.5
1.2236E+00 	 3325.0 	 2.6596E+06 	 1961.6 	 1326.3
1.2238E+00 	 3324.9 	 2.6593E+06 	 1961.6 	 1326.1
1.2239E+00 	 3324.9 	 2.6589E+06 	 1961.6 	 1325.9
1.2240E+00 	 3324.8 	 2.6586E+06 	 1961.5 	 1325.7
1.2241E+00 	 3324.8 	 2.6583E+06 	 1961.5 	 1325.5
1.2243E+00 	 3324.7 	 2.6580E+06 	 1961.5 	 1325.3
1.2244E+00 	 3324.7 	 2.6577E+06 	 1961.5 	 1325.1
1.2245E+00 	 3324.6 	 2.6574E+06 	 1961.5 	 1324.9
1.2246E+00 	 3324.6 	 2.6571E+06 	 1961.5 	 1324.7
1.2247E+00 	 3324.5 	 2.6567E+06 	 1961.4 	 1324.5
1.2249E+00 	 3324.5 	 2.6564E+06 	 1961.4 	 1324.3
1.2250E+00 	 3324.4 	 2.6561E+06 	 1961.4 	 1324.1
1.2251E+00 	 3324.4 	 2.6558E+06 	 1961.4 	 1323.9
1.2252E+00 	 3324.3 	 2.6555E+06 	 1961.4 	 1323.7
1.2254E+00 	 3324.3 	 2.6552E+06 	 1961.4 	 1323.5
1.2255E+00 	 3324.2 	 2.6549E+06 	 1961.3 	 1323.3
1.2256E+00 	 3324.2 	 2.6545E+06 	 1961.3 	 1323.1
1.2257E+00 	 3324.1 	 2.6542E+06 	 1961.3 	 1322.9
1.2259E+00 	 3324.1 	 2.6539E+06 	 1961.3 	 1322.7
1.2260E+00 	 3324.0 	 2.6536E+06 	 1961.3 	 1322.6
1.2261E+00 	 3324.0 	 2.6533E+06 	 1961.2 	 1322.4
1.2262E+00 	 3323.9 	 2.6530E+06 	 1961.2 	 1322.2
1.2263E+00 	 3323.9 	 2.6527E+06 	 1961.2 	 1322.0
1.2265E+00 	 3323.8 	 2.6523E+06 	 1961.2 	 1321.8
1.2266E+00 	 3323.8 	 2.6520E+06 	 1961.2 	 1321.6
1.2267E+00 	 3323.7 	 2.6517E+06 	 1961.2 	 1321.4
1.2268E+00 	 3323.7 	 2.6514E+06 	 1961.1 	 1321.2
1.2270E+00 	 3323.6 	 2.6511E+06 	 1961.1 	 1321.0
1.2271E+00 	 3323.6 	 2.6508E+06 	 1961.1 	 1320.8
1.2272E+00 	 3323.5 	 2.6505E+06 	 1961.1 	 1320.6
1.2273E+00 	 3323.5 	 2.6501E+06 	 1961.1 	 1320.4
1.2274E+00 	 3323.4 	 2.6498E+06 	 1961.1 	 1320.2
1.2276E+00 	 3323.4 	 2.6495E+06 	 1961.0 	 1320.0
1.2277E+00 	 3323.3 	 2.6492E+06 	 1961.0 	 1319.8
1.2278E+00 	 3323.3 	 2.6489E+06 	 1961.0 	 1319.6
1.2279E+00 	 3323.2 	 2.6486E+06 	 1961.0 	 1319.4
1.2281E+00 	 3323.2 	 2.6483E+06 	 1961.0 	 1319.2
1.2282E+00 	 3323.1 	 2.6480E+06 	 1960.9 	 1319.0
1.2283E+00 	 3323.1 	 2.6476E+06 	 1960.9 	 1318.8
1.2284E+00 	 3323.0 	 2.6473E+06 	 1960.9 	 1318.6
1.2286E+00 	 3323.0 	 2.6470E+06 	 1960.9 	 1318.4
1.2287E+00 	 3322.9 	 2.6467E+06 	 1960.9 	 1318.2
1.2288E+00 	 3322.9 	 2.6464E+06 	 1960.9 	 1318.0
1.2289E+00 	 3322.8 	 2.6461E+06 	 1960.8 	 1317.8
1.2290E+00 	 3322.8 	 2.6458E+06 	 1960.8 	 1317.6
1.2292E+00 	 3322.7 	 2.6455E+06 	 1960.8 	 1317.5
1.2293E+00 	 3322.7 	 2.6451E+06 	 1960.8 	 1317.3
1.2294E+00 	 3322.6 	 2.6448E+06 	 1960.8 	 1317.1
1.2295E+00 	 3322.6 	 2.6445E+06 	 1960.8 	 1316.9
1.2297E+00 	 3322.5 	 2.6442E+06 	 1960.7 	 1316.7
1.2298E+00 	 3322.5 	 2.6439E+06 	 1960.7 	 1316.5
1.2299E+00 	 3322.4 	 2.6436E+06 	 1960.7 	 1316.3
1.2300E+00 	 3322.4 	 2.6433E+06 	 1960.7 	 1316.1
1.2301E+00 	 3322.3 	 2.6430E+06 	 1960.7 	 1315.9
1.2303E+00 	 3322.3 	 2.6426E+06 	 1960.6 	 1315.7
1.2304E+00 	 3322.2 	 2.6423E+06 	 1960.6 	 1315.5
1.2305E+00 	 3322.2 	 2.6420E+06 	 1960.6 	 1315.3
1.2306E+00 	 3322.1 	 2.6417E+06 	 1960.6 	 1315.1
1.2308E+00 	 3322.1 	 2.6414E+06 	 1960.6 	 1314.9
1.2309E+00 	 3322.0 	 2.6411E+06 	 1960.6 	 1314.7
1.2310E+00 	 3322.0 	 2.6408E+06 	 1960.5 	 1314.5
1.2311E+00 	 3321.9 	 2.6405E+06 	 1960.5 	 1314.3
1.2313E+00 	 3321.9 	 2.6401E+06 	 1960.5 	 1314.1
1.2314E+00 	 3321.8 	 2.6398E+06 	 1960.5 	 1313.9
1.2315E+00 	 3321.8 	 2.6395E+06 	 1960.5 	 1313.7
1.2316E+00 	 3321.7 	 2.6392E+06 	 1960.5 	 1313.5
1.2317E+00 	 3321.7 	 2.6389E+06 	 1960.4 	 1313.3
1.2319E+00 	 3321.6 	 2.6386E+06 	 1960.4 	 1313.1
1.2320E+00 	 3321.6 	 2.6383E+06 	 1960.4 	 1312.9
1.2321E+00 	 3321.5 	 2.6380E+06 	 1960.4 	 1312.7
1.2322E+00 	 3321.5 	 2.6376E+06 	 1960.4 	 1312.6
1.2324E+00 	 3321.4 	 2.6373E+06 	 1960.3 	 1312.4
1.2325E+00 	 3321.4 	 2.6370E+06 	 1960.3 	 1312.2
1.2326E+00 	 3321.3 	 2.6367E+06 	 1960.3 	 1312.0
1.2327E+00 	 3321.3 	 2.6364E+06 	 1960.3 	 1311.8
1.2329E+00 	 3321.2 	 2.6361E+06 	 1960.3 	 1311.6
1.2330E+00 	 3321.2 	 2.6358E+06 	 1960.3 	 1311.4
1.2331E+00 	 3321.1 	 2.6355E+06 	 1960.2 	 1311.2
1.2332E+00 	 3321.1 	 2.6352E+06 	 1960.2 	 1311.0
1.2334E+00 	 3321.0 	 2.6348E+06 	 1960.2 	 1310.8
1.2335E+00 	 3321.0 	 2.6345E+06 	 1960.2 	 1310.6
1.2336E+00 	 3320.9 	 2.6342E+06 	 1960.2 	 1310.4
1.2337E+00 	 3320.9 	 2.6339E+06 	 1960.1 	 1310.2
1.2338E+00 	 3320.8 	 2.6336E+06 	 1960.1 	 1310.0
1.2340E+00 	 3320.8 	 2.6333E+06 	 1960.1 	 1309.8
1.2341E+00 	 3320.7 	 2.6330E+06 	 1960.1 	 1309.6
1.2342E+00 	 3320.7 	 2.6327E+06 	 1960.1 	 1309.4
1.2343E+00 	 3320.6 	 2.6323E+06 	 1960.1 	 1309.2
1.2345E+00 	 3320.6 	 2.6320E+06 	 1960.0 	 1309.0
1.2346E+00 	 3320.5 	 2.6317E+06 	 1960.0 	 1308.8
1.2347E+00 	 3320.5 	 2.6314E+06 	 1960.0 	 1308.6
1.2348E+00 	 3320.4 	 2.6311E+06 	 1960.0 	 1308.4
1.2350E+00 	 3320.4 	 2.6308E+06 	 1960.0 	 1308.2
1.2351E+00 	 3320.3 	 2.6305E+06 	 1960.0 	 1308.0
1.2352E+00 	 3320.3 	 2.6302E+06 	 1959.9 	 1307.8
1.2353E+00 	 3320.2 	 2.6299E+06 	 1959.9 	 1307.7
1.2355E+00 	 3320.2 	 2.6295E+06 	 1959.9 	 1307.5
1.2356E+00 	 3320.1 	 2.6292E+06 	 1959.9 	 1307.3
1.2357E+00 	 3320.1 	 2.6289E+06 	 1959.9 	 1307.1
1.2358E+00 	 3320.0 	 2.6286E+06 	 1959.8 	 1306.9
1.2359E+00 	 3320.0 	 2.6283E+06 	 1959.8 	 1306.7
1.2361E+00 	 3319.9 	 2.6280E+06 	 1959.8 	 1306.5
1.2362E+00 	 3319.9 	 2.6277E+06 	 1959.8 	 1306.3
1.2363E+00 	 3319.8 	 2.6274E+06 	 1959.8 	 1306.1
1.2364E+00 	 3319.8 	 2.6271E+06 	 1959.8 	 1305.9
1.2366E+00 	 3319.7 	 2.6268E+06 	 1959.7 	 1305.7
1.2367E+00 	 3319.7 	 2.6264E+06 	 1959.7 	 1305.5
1.2368E+00 	 3319.6 	 2.6261E+06 	 1959.7 	 1305.3
1.2369E+00 	 3319.6 	 2.6258E+06 	 1959.7 	 1305.1
1.2371E+00 	 3319.5 	 2.6255E+06 	 1959.7 	 1304.9
1.2372E+00 	 3319.5 	 2.6252E+06 	 1959.7 	 1304.7
1.2373E+00 	 3319.4 	 2.6249E+06 	 1959.6 	 1304.5
1.2374E+00 	 3319.4 	 2.6246E+06 	 1959.6 	 1304.3
1.2376E+00 	 3319.3 	 2.6243E+06 	 1959.6 	 1304.1
1.2377E+00 	 3319.3 	 2.6240E+06 	 1959.6 	 1303.9
1.2378E+00 	 3319.2 	 2.6236E+06 	 1959.6 	 1303.7
1.2379E+00 	 3319.2 	 2.6233E+06 	 1959.5 	 1303.5
1.2380E+00 	 3319.1 	 2.6230E+06 	 1959.5 	 1303.3
1.2382E+00 	 3319.1 	 2.6227E+06 	 1959.5 	 1303.1
1.2383E+00 	 3319.0 	 2.6224E+06 	 1959.5 	 1302.9
1.2384E+00 	 3319.0 	 2.6221E+06 	 1959.5 	 1302.8
1.2385E+00 	 3318.9 	 2.6218E+06 	 1959.5 	 1302.6
1.2387E+00 	 3318.9 	 2.6215E+06 	 1959.4 	 1302.4
1.2388E+00 	 3318.8 	 2.6212E+06 	 1959.4 	 1302.2
1.2389E+00 	 3318.8 	 2.6209E+06 	 1959.4 	 1302.0
1.2390E+00 	 3318.7 	 2.6205E+06 	 1959.4 	 1301.8
1.2392E+00 	 3318.7 	 2.6202E+06 	 1959.4 	 1301.6
1.2393E+00 	 3318.6 	 2.6199E+06 	 1959.4 	 1301.4
1.2394E+00 	 3318.6 	 2.6196E+06 	 1959.3 	 1301.2
1.2395E+00 	 3318.5 	 2.6193E+06 	 1959.3 	 1301.0
1.2397E+00 	 3318.5 	 2.6190E+06 	 1959.3 	 1300.8
1.2398E+00 	 3318.4 	 2.6187E+06 	 1959.3 	 1300.6
1.2399E+00 	 3318.4 	 2.6184E+06 	 1959.3 	 1300.4
1.2400E+00 	 3318.3 	 2.6181E+06 	 1959.2 	 1300.2
1.2402E+00 	 3318.3 	 2.6178E+06 	 1959.2 	 1300.0
1.2403E+00 	 3318.2 	 2.6175E+06 	 1959.2 	 1299.8
1.2404E+00 	 3318.2 	 2.6171E+06 	 1959.2 	 1299.6
1.2405E+00 	 3318.1 	 2.6168E+06 	 1959.2 	 1299.4
1.2406E+00 	 3318.1 	 2.6165E+06 	 1959.2 	 1299.2
1.2408E+00 	 3318.0 	 2.6162E+06 	 1959.1 	 1299.0
1.2409E+00 	 3318.0 	 2.6159E+06 	 1959.1 	 1298.8
1.2410E+00 	 3317.9 	 2.6156E+06 	 1959.1 	 1298.6
1.2411E+00 	 3317.9 	 2.6153E+06 	 1959.1 	 1298.4
1.2413E+00 	 3317.8 	 2.6150E+06 	 1959.1 	 1298.2
1.2414E+00 	 3317.8 	 2.6147E+06 	 1959.1 	 1298.1
1.2415E+00 	 3317.7 	 2.6144E+06 	 1959.0 	 1297.9
1.2416E+00 	 3317.7 	 2.6141E+06 	 1959.0 	 1297.7
1.2418E+00 	 3317.6 	 2.6137E+06 	 1959.0 	 1297.5
1.2419E+00 	 3317.6 	 2.6134E+06 	 1959.0 	 1297.3
1.2420E+00 	 3317.5 	 2.6131E+06 	 1959.0 	 1297.1
1.2421E+00 	 3317.5 	 2.6128E+06 	 1958.9 	 1296.9
1.2423E+00 	 3317.4 	 2.6125E+06 	 1958.9 	 1296.7
1.2424E+00 	 3317.4 	 2.6122E+06 	 1958.9 	 1296.5
1.2425E+00 	 3317.3 	 2.6119E+06 	 1958.9 	 1296.3
1.2426E+00 	 3317.3 	 2.6116E+06 	 1958.9 	 1296.1
1.2428E+00 	 3317.2 	 2.6113E+06 	 1958.9 	 1295.9
1.2429E+00 	 3317.2 	 2.6110E+06 	 1958.8 	 1295.7
1.2430E+00 	 3317.1 	 2.6107E+06 	 1958.8 	 1295.5
1.2431E+00 	 3317.1 	 2.6103E+06 	 1958.8 	 1295.3
1.2433E+00 	 3317.0 	 2.6100E+06 	 1958.8 	 1295.1
1.2434E+00 	 3317.0 	 2.6097E+06 	 1958.8 	 1294.9
1.2435E+00 	 3316.9 	 2.6094E+06 	 1958.7 	 1294.7
1.2436E+00 	 3316.9 	 2.6091E+06 	 1958.7 	 1294.5
1.2438E+00 	 3316.8 	 2.6088E+06 	 1958.7 	 1294.3
1.2439E+00 	 3316.8 	 2.6085E+06 	 1958.7 	 1294.1
1.2440E+00 	 3316.7 	 2.6082E+06 	 1958.7 	 1293.9
1.2441E+00 	 3316.7 	 2.6079E+06 	 1958.7 	 1293.7
1.2443E+00 	 3316.6 	 2.6076E+06 	 1958.6 	 1293.5
1.2444E+00 	 3316.6 	 2.6073E+06 	 1958.6 	 1293.3
1.2445E+00 	 3316.5 	 2.6070E+06 	 1958.6 	 1293.2
1.2446E+00 	 3316.5 	 2.6066E+06 	 1958.6 	 1293.0
1.2448E+00 	 3316.4 	 2.6063E+06 	 1958.6 	 1292.8
1.2449E+00 	 3316.4 	 2.6060E+06 	 1958.6 	 1292.6
1.2450E+00 	 3316.3 	 2.6057E+06 	 1958.5 	 1292.4
1.2451E+00 	 3316.3 	 2.6054E+06 	 1958.5 	 1292.2
1.2452E+00 	 3316.2 	 2.6051E+06 	 1958.5 	 1292.0
1.2454E+00 	 3316.2 	 2.6048E+06 	 1958.5 	 1291.8
1.2455E+00 	 3316.1 	 2.6045E+06 	 1958.5 	 1291.6
1.2456E+00 	 3316.1 	 2.6042E+06 	 1958.4 	 1291.4
1.2457E+00 	 3316.0 	 2.6039E+06 	 1958.4 	 1291.2
1.2459E+00 	 3316.0 	 2.6036E+06 	 1958.4 	 1291.0
1.2460E+00 	 3315.9 	 2.6033E+06 	 1958.4 	 1290.8
1.2461E+00 	 3315.9 	 2.6029E+06 	 1958.4 	 1290.6
1.2462E+00 	 3315.8 	 2.6026E+06 	 1958.4 	 1290.4
1.2464E+00 	 3315.8 	 2.6023E+06 	 1958.3 	 1290.2
1.2465E+00 	 3315.7 	 2.6020E+06 	 1958.3 	 1290.0
1.2466E+00 	 3315.7 	 2.6017E+06 	 1958.3 	 1289.8
1.2467E+00 	 3315.6 	 2.6014E+06 	 1958.3 	 1289.6
1.2469E+00 	 3315.6 	 2.6011E+06 	 1958.3 	 1289.4
1.2470E+00 	 3315.5 	 2.6008E+06 	 1958.3 	 1289.2
1.2471E+00 	 3315.5 	 2.6005E+06 	 1958.2 	 1289.0
1.2472E+00 	 3315.4 	 2.6002E+06 	 1958.2 	 1288.8
1.2474E+00 	 3315.4 	 2.5999E+06 	 1958.2 	 1288.6
1.2475E+00 	 3315.3 	 2.5996E+06 	 1958.2 	 1288.5
1.2476E+00 	 3315.3 	 2.5993E+06 	 1958.2 	 1288.3
1.2477E+00 	 3315.2 	 2.5989E+06 	 1958.1 	 1288.1
1.2479E+00 	 3315.2 	 2.5986E+06 	 1958.1 	 1287.9
1.2480E+00 	 3315.1 	 2.5983E+06 	 1958.1 	 1287.7
1.2481E+00 	 3315.1 	 2.5980E+06 	 1958.1 	 1287.5
1.2482E+00 	 3315.0 	 2.5977E+06 	 1958.1 	 1287.3
1.2484E+00 	 3315.0 	 2.5974E+06 	 1958.1 	 1287.1
1.2485E+00 	 3314.9 	 2.5971E+06 	 1958.0 	 1286.9
1.2486E+00 	 3314.9 	 2.5968E+06 	 1958.0 	 1286.7
1.2487E+00 	 3314.8 	 2.5965E+06 	 1958.0 	 1286.5
1.2489E+00 	 3314.8 	 2.5962E+06 	 1958.0 	 1286.3
1.2490E+00 	 3314.7 	 2.5959E+06 	 1958.0 	 1286.1
1.2491E+00 	 3314.7 	 2.5956E+06 	 1958.0 	 1285.9
1.2492E+00 	 3314.6 	 2.5953E+06 	 1957.9 	 1285.7
1.2494E+00 	 3314.6 	 2.5950E+06 	 1957.9 	 1285.5
1.2495E+00 	 3314.5 	 2.5947E+06 	 1957.9 	 1285.3
1.2496E+00 	 3314.5 	 2.5943E+06 	 1957.9 	 1285.1
1.2497E+00 	 3314.4 	 2.5940E+06 	 1957.9 	 1284.9
1.2499E+00 	 3314.4 	 2.5937E+06 	 1957.8 	 1284.7
1.2500E+00 	 3314.3 	 2.5934E+06 	 1957.8 	 1284.5
1.2501E+00 	 3314.3 	 2.5931E+06 	 1957.8 	 1284.3
1.2502E+00 	 3314.2 	 2.5928E+06 	 1957.8 	 1284.1
1.2504E+00 	 3314.2 	 2.5925E+06 	 1957.8 	 1284.0
1.2505E+00 	 3314.1 	 2.5922E+06 	 1957.8 	 1283.8
1.2506E+00 	 3314.1 	 2.5919E+06 	 1957.7 	 1283.6
1.2507E+00 	 3314.0 	 2.5916E+06 	 1957.7 	 1283.4
1.2509E+00 	 3314.0 	 2.5913E+06 	 1957.7 	 1283.2
1.2510E+00 	 3313.9 	 2.5910E+06 	 1957.7 	 1283.0
1.2511E+00 	 3313.9 	 2.5907E+06 	 1957.7 	 1282.8
1.2512E+00 	 3313.8 	 2.5904E+06 	 1957.7 	 1282.6
1.2514E+00 	 3313.8 	 2.5901E+06 	 1957.6 	 1282.4
1.2515E+00 	 3313.7 	 2.5897E+06 	 1957.6 	 1282.2
1.2516E+00 	 3313.7 	 2.5894E+06 	 1957.6 	 1282.0
1.2517E+00 	 3313.6 	 2.5891E+06 	 1957.6 	 1281.8
1.2519E+00 	 3313.6 	 2.5888E+06 	 1957.6 	 1281.6
1.2520E+00 	 3313.5 	 2.5885E+06 	 1957.5 	 1281.4
1.2521E+00 	 3313.5 	 2.5882E+06 	 1957.5 	 1281.2
1.2522E+00 	 3313.4 	 2.5879E+06 	 1957.5 	 1281.0
1.2524E+00 	 3313.4 	 2.5876E+06 	 1957.5 	 1280.8
1.2525E+00 	 3313.3 	 2.5873E+06 	 1957.5 	 1280.6
1.2526E+00 	 3313.3 	 2.5870E+06 	 1957.5 	 1280.4
1.2527E+00 	 3313.2 	 2.5867E+06 	 1957.4 	 1280.2
1.2529E+00 	 3313.2 	 2.5864E+06 	 1957.4 	 1280.0
1.2530E+00 	 3313.1 	 2.5861E+06 	 1957.4 	 1279.8
1.2531E+00 	 3313.1 	 2.5858E+06 	 1957.4 	 1279.6
1.2532E+00 	 3313.0 	 2.5855E+06 	 1957.4 	 1279.4
1.2534E+00 	 3313.0 	 2.5852E+06 	 1957.4 	 1279.3
1.2535E+00 	 3312.9 	 2.5849E+06 	 1957.3 	 1279.1
1.2536E+00 	 3312.9 	 2.5845E+06 	 1957.3 	 1278.9
1.2537E+00 	 3312.8 	 2.5842E+06 	 1957.3 	 1278.7
1.2539E+00 	 3312.8 	 2.5839E+06 	 1957.3 	 1278.5
1.2540E+00 	 3312.7 	 2.5836E+06 	 1957.3 	 1278.3
1.2541E+00 	 3312.7 	 2.5833E+06 	 1957.2 	 1278.1
1.2542E+00 	 3312.6 	 2.5830E+06 	 1957.2 	 1277.9
1.2544E+00 	 3312.6 	 2.5827E+06 	 1957.2 	 1277.7
1.2545E+00 	 3312.5 	 2.5824E+06 	 1957.2 	 1277.5
1.2546E+00 	 3312.5 	 2.5821E+06 	 1957.2 	 1277.3
1.2547E+00 	 3312.4 	 2.5818E+06 	 1957.2 	 1277.1
1.2549E+00 	 3312.4 	 2.5815E+06 	 1957.1 	 1276.9
1.2550E+00 	 3312.3 	 2.5812E+06 	 1957.1 	 1276.7
1.2551E+00 	 3312.3 	 2.5809E+06 	 1957.1 	 1276.5
1.2553E+00 	 3312.2 	 2.5806E+06 	 1957.1 	 1276.3
1.2554E+00 	 3312.2 	 2.5803E+06 	 1957.1 	 1276.1
1.2555E+00 	 3312.2 	 2.5800E+06 	 1957.1 	 1275.9
1.2556E+00 	 3312.1 	 2.5797E+06 	 1957.0 	 1275.7
1.2558E+00 	 3312.1 	 2.5794E+06 	 1957.0 	 1275.5
1.2559E+00 	 3312.0 	 2.5791E+06 	 1957.0 	 1275.3
1.2560E+00 	 3312.0 	 2.5787E+06 	 1957.0 	 1275.1
1.2561E+00 	 3311.9 	 2.5784E+06 	 1957.0 	 1274.9
1.2563E+00 	 3311.9 	 2.5781E+06 	 1956.9 	 1274.8
1.2564E+00 	 3311.8 	 2.5778E+06 	 1956.9 	 1274.6
1.2565E+00 	 3311.8 	 2.5775E+06 	 1956.9 	 1274.4
1.2566E+00 	 3311.7 	 2.5772E+06 	 1956.9 	 1274.2
1.2568E+00 	 3311.7 	 2.5769E+06 	 1956.9 	 1274.0
1.2569E+00 	 3311.6 	 2.5766E+06 	 1956.9 	 1273.8
1.2570E+00 	 3311.6 	 2.5763E+06 	 1956.8 	 1273.6
1.2571E+00 	 3311.5 	 2.5760E+06 	 1956.8 	 1273.4
1.2573E+00 	 3311.5 	 2.5757E+06 	 1956.8 	 1273.2
1.2574E+00 	 3311.4 	 2.5754E+06 	 1956.8 	 1273.0
1.2575E+00 	 3311.4 	 2.5751E+06 	 1956.8 	 1272.8
1.2576E+00 	 3311.3 	 2.5748E+06 	 1956.8 	 1272.6
1.2578E+00 	 3311.3 	 2.5745E+06 	 1956.7 	 1272.4
1.2579E+00 	 3311.2 	 2.5742E+06 	 1956.7 	 1272.2
1.2580E+00 	 3311.2 	 2.5739E+06 	 1956.7 	 1272.0
1.2581E+00 	 3311.1 	 2.5736E+06 	 1956.7 	 1271.8
1.2583E+00 	 3311.1 	 2.5733E+06 	 1956.7 	 1271.6
1.2584E+00 	 3311.0 	 2.5730E+06 	 1956.6 	 1271.4
1.2585E+00 	 3311.0 	 2.5727E+06 	 1956.6 	 1271.2
1.2586E+00 	 3310.9 	 2.5724E+06 	 1956.6 	 1271.0
1.2588E+00 	 3310.9 	 2.5720E+06 	 1956.6 	 1270.8
1.2589E+00 	 3310.8 	 2.5717E+06 	 1956.6 	 1270.6
1.2590E+00 	 3310.8 	 2.5714E+06 	 1956.6 	 1270.4
1.2591E+00 	 3310.7 	 2.5711E+06 	 1956.5 	 1270.3
1.2593E+00 	 3310.7 	 2.5708E+06 	 1956.5 	 1270.1
1.2594E+00 	 3310.6 	 2.5705E+06 	 1956.5 	 1269.9
1.2595E+00 	 3310.6 	 2.5702E+06 	 1956.5 	 1269.7
1.2597E+00 	 3310.5 	 2.5699E+06 	 1956.5 	 1269.5
1.2598E+00 	 3310.5 	 2.5696E+06 	 1956.5 	 1269.3
1.2599E+00 	 3310.4 	 2.5693E+06 	 1956.4 	 1269.1
1.2600E+00 	 3310.4 	 2.5690E+06 	 1956.4 	 1268.9
1.2602E+00 	 3310.3 	 2.5687E+06 	 1956.4 	 1268.7
1.2603E+00 	 3310.3 	 2.5684E+06 	 1956.4 	 1268.5
1.2604E+00 	 3310.2 	 2.5681E+06 	 1956.4 	 1268.3
1.2605E+00 	 3310.2 	 2.5678E+06 	 1956.3 	 1268.1
1.2607E+00 	 3310.1 	 2.5675E+06 	 1956.3 	 1267.9
1.2608E+00 	 3310.1 	 2.5672E+06 	 1956.3 	 1267.7
1.2609E+00 	 3310.0 	 2.5669E+06 	 1956.3 	 1267.5
1.2610E+00 	 3310.0 	 2.5666E+06 	 1956.3 	 1267.3
1.2612E+00 	 3309.9 	 2.5663E+06 	 1956.3 	 1267.1
1.2613E+00 	 3309.9 	 2.5660E+06 	 1956.2 	 1266.9
1.2614E+00 	 3309.8 	 2.5657E+06 	 1956.2 	 1266.7
1.2615E+00 	 3309.8 	 2.5654E+06 	 1956.2 	 1266.5
1.2617E+00 	 3309.7 	 2.5651E+06 	 1956.2 	 1266.3
1.2618E+00 	 3309.7 	 2.5648E+06 	 1956.2 	 1266.1
1.2619E+00 	 3309.6 	 2.5645E+06 	 1956.2 	 1265.9
1.2620E+00 	 3309.6 	 2.5642E+06 	 1956.1 	 1265.8
1.2622E+00 	 3309.5 	 2.5638E+06 	 1956.1 	 1265.6
1.2623E+00 	 3309.5 	 2.5635E+06 	 1956.1 	 1265.4
1.2624E+00 	 3309.4 	 2.5632E+06 	 1956.1 	 1265.2
1.2626E+00 	 3309.4 	 2.5629E+06 	 1956.1 	 1265.0
1.2627E+00 	 3309.3 	 2.5626E+06 	 1956.0 	 1264.8
1.2628E+00 	 3309.3 	 2.5623E+06 	 1956.0 	 1264.6
1.2629E+00 	 3309.2 	 2.5620E+06 	 1956.0 	 1264.4
1.2631E+00 	 3309.2 	 2.5617E+06 	 1956.0 	 1264.2
1.2632E+00 	 3309.1 	 2.5614E+06 	 1956.0 	 1264.0
1.2633E+00 	 3309.1 	 2.5611E+06 	 1956.0 	 1263.8
1.2634E+00 	 3309.0 	 2.5608E+06 	 1955.9 	 1263.6
1.2636E+00 	 3309.0 	 2.5605E+06 	 1955.9 	 1263.4
1.2637E+00 	 3308.9 	 2.5602E+06 	 1955.9 	 1263.2
1.2638E+00 	 3308.9 	 2.5599E+06 	 1955.9 	 1263.0
1.2639E+00 	 3308.8 	 2.5596E+06 	 1955.9 	 1262.8
1.2641E+00 	 3308.8 	 2.5593E+06 	 1955.9 	 1262.6
1.2642E+00 	 3308.7 	 2.5590E+06 	 1955.8 	 1262.4
1.2643E+00 	 3308.7 	 2.5587E+06 	 1955.8 	 1262.2
1.2644E+00 	 3308.6 	 2.5584E+06 	 1955.8 	 1262.0
1.2646E+00 	 3308.6 	 2.5581E+06 	 1955.8 	 1261.8
1.2647E+00 	 3308.5 	 2.5578E+06 	 1955.8 	 1261.6
1.2648E+00 	 3308.5 	 2.5575E+06 	 1955.7 	 1261.4
1.2650E+00 	 3308.4 	 2.5572E+06 	 1955.7 	 1261.3
1.2651E+00 	 3308.4 	 2.5569E+06 	 1955.7 	 1261.1
1.2652E+00 	 3308.3 	 2.5566E+06 	 1955.7 	 1260.9
1.2653E+00 	 3308.3 	 2.5563E+06 	 1955.7 	 1260.7
1.2655E+00 	 3308.2 	 2.5560E+06 	 1955.7 	 1260.5
1.2656E+00 	 3308.2 	 2.5557E+06 	 1955.6 	 1260.3
1.2657E+00 	 3308.1 	 2.5554E+06 	 1955.6 	 1260.1
1.2658E+00 	 3308.1 	 2.5551E+06 	 1955.6 	 1259.9
1.2660E+00 	 3308.0 	 2.5548E+06 	 1955.6 	 1259.7
1.2661E+00 	 3308.0 	 2.5545E+06 	 1955.6 	 1259.5
1.2662E+00 	 3307.9 	 2.5542E+06 	 1955.6 	 1259.3
1.2663E+00 	 3307.9 	 2.5539E+06 	 1955.5 	 1259.1
1.2665E+00 	 3307.8 	 2.5536E+06 	 1955.5 	 1258.9
1.2666E+00 	 3307.8 	 2.5533E+06 	 1955.5 	 1258.7
1.2667E+00 	 3307.7 	 2.5530E+06 	 1955.5 	 1258.5
1.2669E+00 	 3307.7 	 2.5527E+06 	 1955.5 	 1258.3
1.2670E+00 	 3307.6 	 2.5524E+06 	 1955.4 	 1258.1
1.2671E+00 	 3307.6 	 2.5521E+06 	 1955.4 	 1257.9
1.2672E+00 	 3307.5 	 2.5518E+06 	 1955.4 	 1257.7
1.2674E+00 	 3307.5 	 2.5515E+06 	 1955.4 	 1257.5
1.2675E+00 	 3307.4 	 2.5511E+06 	 1955.4 	 1257.3
1.2676E+00 	 3307.4 	 2.5508E+06 	 1955.4 	 1257.1
1.2677E+00 	 3307.3 	 2.5505E+06 	 1955.3 	 1257.0
1.2679E+00 	 3307.3 	 2.5502E+06 	 1955.3 	 1256.8
1.2680E+00 	 3307.2 	 2.5499E+06 	 1955.3 	 1256.6
1.2681E+00 	 3307.2 	 2.5496E+06 	 1955.3 	 1256.4
1.2682E+00 	 3307.1 	 2.5493E+06 	 1955.3 	 1256.2
1.2684E+00 	 3307.1 	 2.5490E+06 	 1955.3 	 1256.0
1.2685E+00 	 3307.0 	 2.5487E+06 	 1955.2 	 1255.8
1.2686E+00 	 3307.0 	 2.5484E+06 	 1955.2 	 1255.6
1.2688E+00 	 3306.9 	 2.5481E+06 	 1955.2 	 1255.4
1.2689E+00 	 3306.9 	 2.5478E+06 	 1955.2 	 1255.2
1.2690E+00 	 3306.8 	 2.5475E+06 	 1955.2 	 1255.0
1.2691E+00 	 3306.8 	 2.5472E+06 	 1955.1 	 1254.8
1.2693E+00 	 3306.7 	 2.5469E+06 	 1955.1 	 1254.6
1.2694E+00 	 3306.7 	 2.5466E+06 	 1955.1 	 1254.4
1.2695E+00 	 3306.6 	 2.5463E+06 	 1955.1 	 1254.2
1.2696E+00 	 3306.6 	 2.5460E+06 	 1955.1 	 1254.0
1.2698E+00 	 3306.5 	 2.5457E+06 	 1955.1 	 1253.8
1.2699E+00 	 3306.5 	 2.5454E+06 	 1955.0 	 1253.6
1.2700E+00 	 3306.4 	 2.5451E+06 	 1955.0 	 1253.4
1.2701E+00 	 3306.4 	 2.5448E+06 	 1955.0 	 1253.2
1.2703E+00 	 3306.3 	 2.5445E+06 	 1955.0 	 1253.0
1.2704E+00 	 3306.3 	 2.5442E+06 	 1955.0 	 1252.8
1.2705E+00 	 3306.2 	 2.5439E+06 	 1955.0 	 1252.7
1.2707E+00 	 3306.2 	 2.5436E+06 	 1954.9 	 1252.5
1.2708E+00 	 3306.1 	 2.5433E+06 	 1954.9 	 1252.3
1.2709E+00 	 3306.1 	 2.5430E+06 	 1954.9 	 1252.1
1.2710E+00 	 3306.0 	 2.5427E+06 	 1954.9 	 1251.9
1.2712E+00 	 3306.0 	 2.5424E+06 	 1954.9 	 1251.7
1.2713E+00 	 3305.9 	 2.5421E+06 	 1954.8 	 1251.5
1.2714E+00 	 3305.9 	 2.5418E+06 	 1954.8 	 1251.3
1.2715E+00 	 3305.8 	 2.5415E+06 	 1954.8 	 1251.1
1.2717E+00 	 3305.8 	 2.5412E+06 	 1954.8 	 1250.9
1.2718E+00 	 3305.7 	 2.5409E+06 	 1954.8 	 1250.7
1.2719E+00 	 3305.7 	 2.5406E+06 	 1954.8 	 1250.5
1.2721E+00 	 3305.6 	 2.5403E+06 	 1954.7 	 1250.3
1.2722E+00 	 3305.6 	 2.5400E+06 	 1954.7 	 1250.1
1.2723E+00 	 3305.5 	 2.5397E+06 	 1954.7 	 1249.9
1.2724E+00 	 3305.5 	 2.5394E+06 	 1954.7 	 1249.7
1.2726E+00 	 3305.4 	 2.5391E+06 	 1954.7 	 1249.5
1.2727E+00 	 3305.4 	 2.5388E+06 	 1954.7 	 1249.3
1.2728E+00 	 3305.3 	 2.5385E+06 	 1954.6 	 1249.1
1.2729E+00 	 3305.3 	 2.5382E+06 	 1954.6 	 1248.9
1.2731E+00 	 3305.2 	 2.5379E+06 	 1954.6 	 1248.7
1.2732E+00 	 3305.2 	 2.5376E+06 	 1954.6 	 1248.5
1.2733E+00 	 3305.1 	 2.5373E+06 	 1954.6 	 1248.4
1.2735E+00 	 3305.1 	 2.5370E+06 	 1954.5 	 1248.2
1.2736E+00 	 3305.0 	 2.5367E+06 	 1954.5 	 1248.0
1.2737E+00 	 3305.0 	 2.5364E+06 	 1954.5 	 1247.8
1.2738E+00 	 3304.9 	 2.5361E+06 	 1954.5 	 1247.6
1.2740E+00 	 3304.9 	 2.5358E+06 	 1954.5 	 1247.4
1.2741E+00 	 3304.8 	 2.5355E+06 	 1954.5 	 1247.2
1.2742E+00 	 3304.8 	 2.5352E+06 	 1954.4 	 1247.0
1.2743E+00 	 3304.7 	 2.5349E+06 	 1954.4 	 1246.8
1.2745E+00 	 3304.7 	 2.5346E+06 	 1954.4 	 1246.6
1.2746E+00 	 3304.6 	 2.5343E+06 	 1954.4 	 1246.4
1.2747E+00 	 3304.6 	 2.5340E+06 	 1954.4 	 1246.2
1.2749E+00 	 3304.5 	 2.5337E+06 	 1954.4 	 1246.0
1.2750E+00 	 3304.5 	 2.5334E+06 	 1954.3 	 1245.8
1.2751E+00 	 3304.4 	 2.5331E+06 	 1954.3 	 1245.6
1.2752E+00 	 3304.4 	 2.5328E+06 	 1954.3 	 1245.4
1.2754E+00 	 3304.3 	 2.5325E+06 	 1954.3 	 1245.2
1.2755E+00 	 3304.3 	 2.5322E+06 	 1954.3 	 1245.0
1.2756E+00 	 3304.2 	 2.5319E+06 	 1954.2 	 1244.8
1.2757E+00 	 3304.2 	 2.5316E+06 	 1954.2 	 1244.6
1.2759E+00 	 3304.1 	 2.5313E+06 	 1954.2 	 1244.4
1.2760E+00 	 3304.1 	 2.5310E+06 	 1954.2 	 1244.2
1.2761E+00 	 3304.0 	 2.5307E+06 	 1954.2 	 1244.1
1.2763E+00 	 3304.0 	 2.5304E+06 	 1954.2 	 1243.9
1.2764E+00 	 3303.9 	 2.5301E+06 	 1954.1 	 1243.7
1.2765E+00 	 3303.9 	 2.5298E+06 	 1954.1 	 1243.5
1.2766E+00 	 3303.8 	 2.5295E+06 	 1954.1 	 1243.3
1.2768E+00 	 3303.8 	 2.5292E+06 	 1954.1 	 1243.1
1.2769E+00 	 3303.7 	 2.5289E+06 	 1954.1 	 1242.9
1.2770E+00 	 3303.7 	 2.5286E+06 	 1954.1 	 1242.7
1.2772E+00 	 3303.6 	 2.5283E+06 	 1954.0 	 1242.5
1.2773E+00 	 3303.6 	 2.5280E+06 	 1954.0 	 1242.3
1.2774E+00 	 3303.5 	 2.5277E+06 	 1954.0 	 1242.1
1.2775E+00 	 3303.5 	 2.5274E+06 	 1954.0 	 1241.9
1.2777E+00 	 3303.4 	 2.5271E+06 	 1954.0 	 1241.7
1.2778E+00 	 3303.4 	 2.5268E+06 	 1953.9 	 1241.5
1.2779E+00 	 3303.3 	 2.5265E+06 	 1953.9 	 1241.3
1.2780E+00 	 3303.3 	 2.5262E+06 	 1953.9 	 1241.1
1.2782E+00 	 3303.2 	 2.5259E+06 	 1953.9 	 1240.9
1.2783E+00 	 3303.2 	 2.5256E+06 	 1953.9 	 1240.7
1.2784E+00 	 3303.1 	 2.5253E+06 	 1953.9 	 1240.5
1.2786E+00 	 3303.1 	 2.5250E+06 	 1953.8 	 1240.3
1.2787E+00 	 3303.0 	 2.5247E+06 	 1953.8 	 1240.1
1.2788E+00 	 3303.0 	 2.5244E+06 	 1953.8 	 1239.9
1.2789E+00 	 3302.9 	 2.5241E+06 	 1953.8 	 1239.8
